#+++++++++++++++++++++++
#Double pion photoproduction data: 
#+++++++++++++++++++++++
#
#References:   gamma proton -> neutron pi+ pi0    J.Ahrens et al. ; Phys.Lett.B 551,  49 (2003)
#              gamma proton -> proton  pi0 pi0    J.Ahrens et al. ; Phys.Lett.B 624, 173 (2005)
#              gamma proton -> proton  pi+ pi-    J.Ahrens et al. ; submitted to EPJA    
#             gamma neutron -> proton  pi- pi0    A.Zabrodin et al. ; Phys. Rev.C 55, R1617 (1997)
#                                 and P. Pedroni, private communication          
#              
#
#=================================================
#UNPOLARIZED CROSS SECTIONS
#=================================================
#---------------------------------
#neutron pi+ pi0 
#---------------------------------
# --- total  cross sections -- 
#
#
#1st column  Egamma (MeV)
#2nd column  cross  section (microbarn)
#3rd column  stat.error     (microbarn)
#
#(sytematic error = 6% of measured values) 
  378.00000    0.27650    0.39170
  388.00000   -0.06820    0.32970
  398.00000    1.22510    0.32580
  408.00000    0.09210    0.28490
  418.00000    0.62310    0.28750
  428.00000    0.94600    0.28390
  438.00000    1.13950    0.27950
  448.00000    1.32690    0.28440
  458.00000    1.94610    0.29320
  468.00000    2.11770    0.29250
  478.00000    3.34610    0.31560
  488.00000    3.40980    0.31710
  498.00000    4.28980    0.34060
  508.00000    5.20800    0.36460
  518.00000    6.41440    0.37930
  528.00000    7.04790    0.40250
  538.00000    8.85470    0.43250
  548.00000   11.04460    0.47270
  558.00000   11.61300    0.48160
  568.00000   14.31840    0.53040
  578.00000   15.99620    0.55760
  588.00000   18.63640    0.60100
  598.00000   19.45620    0.62480
  608.00000   21.49860    0.65390
  618.00000   23.24240    0.67370
  628.00000   25.47670    0.71470
  638.00000   27.90120    0.75520
  648.00000   29.66540    0.78270
  658.00000   32.00150    0.81760
  668.00000   34.00840    0.84780
  678.00000   37.88530    0.90310
  688.00000   39.58140    0.91970
  698.00000   43.20730    0.96730
  708.00000   45.47040    1.00080
  718.00000   46.34180    1.09830
  728.00000   48.84280    1.09210
  738.00000   51.37820    1.09490
  748.00000   51.72620    1.25610
  758.00000   50.22160    1.14790
  768.00000   49.49240    1.14040
  778.00000   48.09000    1.11720
  788.00000   46.31000    1.08890
# Langgärtner et al.
# gamma P -> N pi^+ pi^0
#
# Egamma(MeV), sigma , error stat, error sys [mu b]
319.2	1.27	2.08	0.08
329.1	1.36	1.06	0.08
339.0	-0.05	0.09	0
348.9	0.03	0.04	0.0
358.8	0.05	0.03	0
368.7	0.19	0.03	0.01
378.5	0.29	0.04	0.02
388.3	0.18	0.03	0.01
398.1	0.55	0.05	0.03
407.9	0.63	0.05	0.04
417.6	0.87	0.06	0.05
427.3	1.30	0.07	0.08
437.0	1.56	0.08	0.09
446.7	1.85	0.09	0.11
456.3	2.36	0.1	0.14
465.8	2.86	0.11	0.17
475.3	3.62	0.13	0.22
484.8	4.44	0.15	0.27
494.2	5.12	0.17	0.31
503.6	6.19	0.19	0.37
512.9	7.50	0.22	0.45
522.2	7.68	0.22	0.46
531.3	8.89	0.25	0.53
540.5	9.65	0.28	0.58
549.5	10.42	0.29	0.63
558.5	12.23	0.33	0.73
567.4	13.35	0.36	0.80
576.3	14.21	0.38	0.85
585.0	15.28	0.42	0.92
593.7	16.85	0.45	1.01	
602.3	17.94	0.48	1.08
610.9	20.85	0.54	1.25
619.3	21.01	0.55	1.26
627.6	23.83	0.61	1.43
635.9	25.40	0.65	1.52
644.1	27.56	0.70	1.65
652.1	28.73	0.74	1.73
660.1	31.78	0.8	1.91
668	34.61	0.86	2.08
675.7	36.8	0.90	2.21
683.4	38.29	0.94	2.3
691	40.6	0.98	2.44
698.5	44.62	1.09	2.68
705.8	45.92	1.12	3.02
713.1	50.32	1.21	2.76
720.3	48.9	1.19	2.93
727.3	48.43	1.18	2.91
734.3	51.26	1.28	3.08
741.1	52.17	1.31	3.13
747.9	55.64	1.38	3.34
754.6	51.92	1.33	3.12
761.2	52.1	1.37	3.13
767.8	50.25	1.32	3.01
774.8	49.8	1.35	2.99
782.2	48.12	1.3	2.89
789.8	44.25	1.22	2.66
797.2	44.94	1.3	2.7
804.1	43.51	1.31	2.61
810.3	43.91	1.39	2.63
815.6	42.85	1.59	2.57
	

