 0  21.2962
 1.14141  22.7558
 2.28283  24.2121
 3.42424  25.6631
 4.56566  27.1079
 5.70707  28.5461
 6.84848  29.978
 7.9899  31.4043
 9.13131  32.8274
 10.2727  34.25
 11.4141  35.6733
 12.5556  37.0984
 13.697  38.5262
 14.8384  39.9579
 15.9798  41.3945
 17.1212  42.8366
 18.2626  44.2821
 19.404  45.7288
 20.5455  47.1741
 21.6869  48.6155
 22.8283  50.0507
 23.9697  51.4771
 25.1111  52.8923
 26.2525  54.2939
 27.3939  55.681
 28.5354  57.0563
 29.6768  58.4231
 30.8182  59.7843
 31.9596  61.1432
 33.101  62.5029
 34.2424  63.8664
 35.3838  65.237
 36.5253  66.6177
 37.6667  68.0087
 38.8081  69.4069
 39.9495  70.8092
 41.0909  72.2124
 42.2323  73.6135
 43.3737  75.0093
 44.5152  76.3965
 45.6566  77.7722
 46.798  79.133
 47.9394  80.475
 49.0808  81.7885
 50.2222  83.0612
 51.3636  84.281
 52.5051  85.4356
 53.6465  86.5128
 54.7879  87.5005
 55.9293  88.3864
 57.0707  89.1605
 58.2121  89.8232
 59.3535  90.378
 60.4949  90.8287
 61.6364  91.1786
 62.7778  91.4314
 63.9192  91.5907
 65.0606  91.66
 66.202  91.6429
 67.3434  91.5447
 68.4848  91.375
 69.6263  91.1439
 70.7677  90.8615
 71.9091  90.538
 73.0505  90.1835
 74.1919  89.808
 75.3333  89.4219
 76.4747  89.035
 77.6162  88.654
 78.7576  88.2811
 79.899  87.9182
 81.0404  87.5673
 82.1818  87.2304
 83.3232  86.9094
 84.4646  86.6063
 85.6061  86.3229
 86.7475  86.06
 87.8889  85.8167
 89.0303  85.5924
 90.1717  85.3864
 91.3131  85.1981
 92.4545  85.0266
 93.596  84.8714
 94.7374  84.7317
 95.8788  84.6069
 97.0202  84.4965
 98.1616  84.4003
 99.303  84.318
 100.444  84.2493
 101.586  84.194
 102.727  84.1517
 103.869  84.1222
 105.01  84.1043
 106.152  84.0965
 107.293  84.0975
 108.434  84.1057
 109.576  84.1198
 110.717  84.1382
 111.859  84.1595
 113  84.1822
