 # shift:  0.000000000000000E+000
 0.100000E+00  0.229904E+02
 0.200000E+00  0.251690E+02
 0.300000E+00  0.371131E+02
 0.400000E+00  0.462983E+02
 0.500000E+00  0.473931E+02
 0.600000E+00  0.448204E+02
 0.700000E+00  0.431016E+02
 0.800000E+00  0.443277E+02
 0.900000E+00  0.425870E+02
 0.100000E+01  0.424447E+02
 0.110000E+01  0.430359E+02
 0.120000E+01  0.428717E+02
 0.130000E+01  0.429593E+02
 0.140000E+01  0.427512E+02
 0.150000E+01  0.423571E+02
 0.160000E+01  0.420177E+02
 0.170000E+01  0.416346E+02
 0.180000E+01  0.414156E+02
 0.190000E+01  0.414375E+02
 0.200000E+01  0.417988E+02
 0.210000E+01  0.407150E+02
 0.220000E+01  0.413280E+02
 0.230000E+01  0.407587E+02
 0.240000E+01  0.411419E+02
 0.250000E+01  0.409230E+02
 0.260000E+01  0.409230E+02
 0.270000E+01  0.406493E+02
 0.280000E+01  0.400800E+02
 0.290000E+01  0.398501E+02
 0.300000E+01  0.399705E+02
 0.310000E+01  0.398063E+02
 0.320000E+01  0.396640E+02
 0.330000E+01  0.398501E+02
 0.340000E+01  0.397625E+02
 0.350000E+01  0.398282E+02
 0.360000E+01  0.397187E+02
 0.370000E+01  0.401676E+02
 0.380000E+01  0.391713E+02
 0.390000E+01  0.396968E+02
 0.400000E+01  0.395545E+02
 0.410000E+01  0.383174E+02
 0.420000E+01  0.394012E+02
 0.430000E+01  0.394341E+02
 0.440000E+01  0.393684E+02
 0.450000E+01  0.390180E+02
 0.460000E+01  0.390509E+02
 0.470000E+01  0.385582E+02
 0.480000E+01  0.387662E+02
 0.490000E+01  0.391932E+02
 0.500000E+01  0.390509E+02
 0.510000E+01  0.391713E+02
 0.520000E+01  0.388319E+02
 0.530000E+01  0.389852E+02
 0.540000E+01  0.389633E+02
 0.550000E+01  0.383393E+02
 0.560000E+01  0.386239E+02
 0.570000E+01  0.386349E+02
 0.580000E+01  0.382079E+02
 0.590000E+01  0.388429E+02
 0.600000E+01  0.383721E+02
 0.610000E+01  0.382955E+02
 0.620000E+01  0.388429E+02
 0.630000E+01  0.385363E+02
 0.640000E+01  0.383283E+02
 0.650000E+01  0.384925E+02
 0.660000E+01  0.380984E+02
 0.670000E+01  0.380656E+02
 0.680000E+01  0.381641E+02
 0.690000E+01  0.387334E+02
 0.700000E+01  0.390618E+02
 0.710000E+01  0.389524E+02
 0.720000E+01  0.382845E+02
 0.730000E+01  0.385035E+02
 0.740000E+01  0.383721E+02
 0.750000E+01  0.382736E+02
 0.760000E+01  0.385254E+02
 0.770000E+01  0.386020E+02
 0.780000E+01  0.389633E+02
 0.790000E+01  0.380765E+02
 0.800000E+01  0.380327E+02
 0.810000E+01  0.388648E+02
 0.820000E+01  0.374087E+02
 0.830000E+01  0.386349E+02
 0.840000E+01  0.378795E+02
 0.850000E+01  0.383393E+02
 0.860000E+01  0.378576E+02
 0.870000E+01  0.382736E+02
 0.880000E+01  0.385473E+02
 0.890000E+01  0.383174E+02
 0.900000E+01  0.382079E+02
 0.910000E+01  0.375729E+02
 0.920000E+01  0.381422E+02
 0.930000E+01  0.385911E+02
 0.940000E+01  0.382188E+02
 0.950000E+01  0.388648E+02
 0.960000E+01  0.379889E+02
 0.970000E+01  0.374853E+02
 0.980000E+01  0.382407E+02
 0.990000E+01  0.386130E+02
 0.100000E+02  0.377371E+02
 # shift:  4.000000000000000E-002
 0.100000E+00  0.207770E+02
 0.200000E+00  0.229013E+02
 0.300000E+00  0.341816E+02
 0.400000E+00  0.421706E+02
 0.500000E+00  0.426798E+02
 0.600000E+00  0.410208E+02
 0.700000E+00  0.391712E+02
 0.800000E+00  0.392949E+02
 0.900000E+00  0.387441E+02
 0.100000E+01  0.387427E+02
 0.110000E+01  0.385697E+02
 0.120000E+01  0.380295E+02
 0.130000E+01  0.378672E+02
 0.140000E+01  0.373966E+02
 0.150000E+01  0.369504E+02
 0.160000E+01  0.369860E+02
 0.170000E+01  0.367033E+02
 0.180000E+01  0.366182E+02
 0.190000E+01  0.362348E+02
 0.200000E+01  0.364557E+02
 0.210000E+01  0.358548E+02
 0.220000E+01  0.355473E+02
 0.230000E+01  0.351068E+02
 0.240000E+01  0.357020E+02
 0.250000E+01  0.356994E+02
 0.260000E+01  0.352451E+02
 0.270000E+01  0.348024E+02
 0.280000E+01  0.345830E+02
 0.290000E+01  0.346151E+02
 0.300000E+01  0.345137E+02
 0.310000E+01  0.346343E+02
 0.320000E+01  0.348228E+02
 0.330000E+01  0.341966E+02
 0.340000E+01  0.339650E+02
 0.350000E+01  0.347021E+02
 0.360000E+01  0.339932E+02
 0.370000E+01  0.341280E+02
 0.380000E+01  0.336702E+02
 0.390000E+01  0.336819E+02
 0.400000E+01  0.336942E+02
 0.410000E+01  0.333536E+02
 0.420000E+01  0.334721E+02
 0.430000E+01  0.336673E+02
 0.440000E+01  0.334527E+02
 0.450000E+01  0.336297E+02
 0.460000E+01  0.336829E+02
 0.470000E+01  0.331364E+02
 0.480000E+01  0.332668E+02
 0.490000E+01  0.335593E+02
 0.500000E+01  0.335094E+02
 0.510000E+01  0.327368E+02
 0.520000E+01  0.323930E+02
 0.530000E+01  0.330385E+02
 0.540000E+01  0.329046E+02
 0.550000E+01  0.330560E+02
 0.560000E+01  0.334736E+02
 0.570000E+01  0.327707E+02
 0.580000E+01  0.327044E+02
 0.590000E+01  0.331225E+02
 0.600000E+01  0.333129E+02
 0.610000E+01  0.326307E+02
 0.620000E+01  0.328974E+02
 0.630000E+01  0.329271E+02
 0.640000E+01  0.320092E+02
 0.650000E+01  0.329871E+02
 0.660000E+01  0.320795E+02
 0.670000E+01  0.330099E+02
 0.680000E+01  0.329269E+02
 0.690000E+01  0.323233E+02
 0.700000E+01  0.325058E+02
 0.710000E+01  0.324329E+02
 0.720000E+01  0.324358E+02
 0.730000E+01  0.323348E+02
 0.740000E+01  0.330758E+02
 0.750000E+01  0.323130E+02
 0.760000E+01  0.325151E+02
 0.770000E+01  0.326415E+02
 0.780000E+01  0.324468E+02
 0.790000E+01  0.322805E+02
 0.800000E+01  0.323695E+02
 0.810000E+01  0.327136E+02
 0.820000E+01  0.322644E+02
 0.830000E+01  0.323159E+02
 0.840000E+01  0.320747E+02
 0.850000E+01  0.316261E+02
 0.860000E+01  0.322066E+02
 0.870000E+01  0.319659E+02
 0.880000E+01  0.328577E+02
 0.890000E+01  0.332116E+02
 0.900000E+01  0.322258E+02
 0.910000E+01  0.324101E+02
 0.920000E+01  0.324812E+02
 0.930000E+01  0.324957E+02
 0.940000E+01  0.322275E+02
 0.950000E+01  0.326005E+02
 0.960000E+01  0.319083E+02
 0.970000E+01  0.326112E+02
 0.980000E+01  0.326921E+02
 0.990000E+01  0.327542E+02
 0.100000E+02  0.330142E+02
 # shift:  8.000000000000000E-002
 0.100000E+00  0.188743E+02
 0.200000E+00  0.207126E+02
 0.300000E+00  0.308294E+02
 0.400000E+00  0.380517E+02
 0.500000E+00  0.383985E+02
 0.600000E+00  0.369567E+02
 0.700000E+00  0.351539E+02
 0.800000E+00  0.356639E+02
 0.900000E+00  0.344670E+02
 0.100000E+01  0.338803E+02
 0.110000E+01  0.339036E+02
 0.120000E+01  0.335422E+02
 0.130000E+01  0.330864E+02
 0.140000E+01  0.329178E+02
 0.150000E+01  0.323674E+02
 0.160000E+01  0.325584E+02
 0.170000E+01  0.316187E+02
 0.180000E+01  0.321718E+02
 0.190000E+01  0.314776E+02
 0.200000E+01  0.315158E+02
 0.210000E+01  0.310466E+02
 0.220000E+01  0.311603E+02
 0.230000E+01  0.306576E+02
 0.240000E+01  0.302018E+02
 0.250000E+01  0.299447E+02
 0.260000E+01  0.302811E+02
 0.270000E+01  0.300798E+02
 0.280000E+01  0.299064E+02
 0.290000E+01  0.299537E+02
 0.300000E+01  0.297009E+02
 0.310000E+01  0.292998E+02
 0.320000E+01  0.295116E+02
 0.330000E+01  0.291650E+02
 0.340000E+01  0.288540E+02
 0.350000E+01  0.290781E+02
 0.360000E+01  0.293611E+02
 0.370000E+01  0.293622E+02
 0.380000E+01  0.290654E+02
 0.390000E+01  0.285298E+02
 0.400000E+01  0.287420E+02
 0.410000E+01  0.285490E+02
 0.420000E+01  0.286882E+02
 0.430000E+01  0.282082E+02
 0.440000E+01  0.285966E+02
 0.450000E+01  0.283336E+02
 0.460000E+01  0.285579E+02
 0.470000E+01  0.283379E+02
 0.480000E+01  0.284151E+02
 0.490000E+01  0.286491E+02
 0.500000E+01  0.280452E+02
 0.510000E+01  0.282145E+02
 0.520000E+01  0.279821E+02
 0.530000E+01  0.281032E+02
 0.540000E+01  0.283230E+02
 0.550000E+01  0.278467E+02
 0.560000E+01  0.278545E+02
 0.570000E+01  0.273801E+02
 0.580000E+01  0.279694E+02
 0.590000E+01  0.278803E+02
 0.600000E+01  0.276692E+02
 0.610000E+01  0.277117E+02
 0.620000E+01  0.276076E+02
 0.630000E+01  0.281483E+02
 0.640000E+01  0.279633E+02
 0.650000E+01  0.271434E+02
 0.660000E+01  0.278310E+02
 0.670000E+01  0.269637E+02
 0.680000E+01  0.273666E+02
 0.690000E+01  0.273303E+02
 0.700000E+01  0.275869E+02
 0.710000E+01  0.278436E+02
 0.720000E+01  0.273369E+02
 0.730000E+01  0.268714E+02
 0.740000E+01  0.276724E+02
 0.750000E+01  0.273293E+02
 0.760000E+01  0.275219E+02
 0.770000E+01  0.277226E+02
 0.780000E+01  0.273237E+02
 0.790000E+01  0.271603E+02
 0.800000E+01  0.278878E+02
 0.810000E+01  0.275709E+02
 0.820000E+01  0.271410E+02
 0.830000E+01  0.269948E+02
 0.840000E+01  0.277222E+02
 0.850000E+01  0.278348E+02
 0.860000E+01  0.276001E+02
 0.870000E+01  0.279959E+02
 0.880000E+01  0.274223E+02
 0.890000E+01  0.275355E+02
 0.900000E+01  0.275924E+02
 0.910000E+01  0.273991E+02
 0.920000E+01  0.275047E+02
 0.930000E+01  0.276345E+02
 0.940000E+01  0.272724E+02
 0.950000E+01  0.271203E+02
 0.960000E+01  0.270248E+02
 0.970000E+01  0.273485E+02
 0.980000E+01  0.275029E+02
 0.990000E+01  0.272467E+02
 0.100000E+02  0.272966E+02
 # shift:  0.120000000000000     
 0.100000E+00  0.170635E+02
 0.200000E+00  0.186356E+02
 0.300000E+00  0.275434E+02
 0.400000E+00  0.338722E+02
 0.500000E+00  0.343293E+02
 0.600000E+00  0.329740E+02
 0.700000E+00  0.314234E+02
 0.800000E+00  0.314925E+02
 0.900000E+00  0.302150E+02
 0.100000E+01  0.297271E+02
 0.110000E+01  0.301045E+02
 0.120000E+01  0.294070E+02
 0.130000E+01  0.293650E+02
 0.140000E+01  0.286977E+02
 0.150000E+01  0.285396E+02
 0.160000E+01  0.275796E+02
 0.170000E+01  0.276151E+02
 0.180000E+01  0.274459E+02
 0.190000E+01  0.272236E+02
 0.200000E+01  0.269929E+02
 0.210000E+01  0.270287E+02
 0.220000E+01  0.266608E+02
 0.230000E+01  0.261217E+02
 0.240000E+01  0.260831E+02
 0.250000E+01  0.259231E+02
 0.260000E+01  0.261994E+02
 0.270000E+01  0.255561E+02
 0.280000E+01  0.254145E+02
 0.290000E+01  0.255525E+02
 0.300000E+01  0.255108E+02
 0.310000E+01  0.255293E+02
 0.320000E+01  0.246823E+02
 0.330000E+01  0.246198E+02
 0.340000E+01  0.246673E+02
 0.350000E+01  0.243137E+02
 0.360000E+01  0.248529E+02
 0.370000E+01  0.243528E+02
 0.380000E+01  0.241634E+02
 0.390000E+01  0.240044E+02
 0.400000E+01  0.242394E+02
 0.410000E+01  0.240049E+02
 0.420000E+01  0.241206E+02
 0.430000E+01  0.238465E+02
 0.440000E+01  0.236947E+02
 0.450000E+01  0.242454E+02
 0.460000E+01  0.241944E+02
 0.470000E+01  0.239749E+02
 0.480000E+01  0.236437E+02
 0.490000E+01  0.239345E+02
 0.500000E+01  0.235000E+02
 0.510000E+01  0.235667E+02
 0.520000E+01  0.237463E+02
 0.530000E+01  0.230417E+02
 0.540000E+01  0.238681E+02
 0.550000E+01  0.233762E+02
 0.560000E+01  0.234248E+02
 0.570000E+01  0.234879E+02
 0.580000E+01  0.231879E+02
 0.590000E+01  0.231475E+02
 0.600000E+01  0.235540E+02
 0.610000E+01  0.232353E+02
 0.620000E+01  0.226390E+02
 0.630000E+01  0.233526E+02
 0.640000E+01  0.235996E+02
 0.650000E+01  0.223801E+02
 0.660000E+01  0.235728E+02
 0.670000E+01  0.231053E+02
 0.680000E+01  0.230759E+02
 0.690000E+01  0.232339E+02
 0.700000E+01  0.232813E+02
 0.710000E+01  0.232666E+02
 0.720000E+01  0.229756E+02
 0.730000E+01  0.230171E+02
 0.740000E+01  0.232799E+02
 0.750000E+01  0.231699E+02
 0.760000E+01  0.232673E+02
 0.770000E+01  0.230751E+02
 0.780000E+01  0.228903E+02
 0.790000E+01  0.231951E+02
 0.800000E+01  0.229489E+02
 0.810000E+01  0.229993E+02
 0.820000E+01  0.229259E+02
 0.830000E+01  0.224058E+02
 0.840000E+01  0.229313E+02
 0.850000E+01  0.227350E+02
 0.860000E+01  0.225735E+02
 0.870000E+01  0.230164E+02
 0.880000E+01  0.230200E+02
 0.890000E+01  0.231197E+02
 0.900000E+01  0.226643E+02
 0.910000E+01  0.225794E+02
 0.920000E+01  0.224743E+02
 0.930000E+01  0.225680E+02
 0.940000E+01  0.229560E+02
 0.950000E+01  0.225229E+02
 0.960000E+01  0.226238E+02
 0.970000E+01  0.227247E+02
 0.980000E+01  0.229487E+02
 0.990000E+01  0.228515E+02
 0.100000E+02  0.224951E+02
 # shift:  0.160000000000000     
 0.100000E+00  0.153444E+02
 0.200000E+00  0.166704E+02
 0.300000E+00  0.246951E+02
 0.400000E+00  0.303820E+02
 0.500000E+00  0.306483E+02
 0.600000E+00  0.290530E+02
 0.700000E+00  0.275203E+02
 0.800000E+00  0.278147E+02
 0.900000E+00  0.267428E+02
 0.100000E+01  0.265081E+02
 0.110000E+01  0.262647E+02
 0.120000E+01  0.254204E+02
 0.130000E+01  0.249846E+02
 0.140000E+01  0.246055E+02
 0.150000E+01  0.246464E+02
 0.160000E+01  0.239416E+02
 0.170000E+01  0.235879E+02
 0.180000E+01  0.237353E+02
 0.190000E+01  0.231134E+02
 0.200000E+01  0.235263E+02
 0.210000E+01  0.231286E+02
 0.220000E+01  0.224122E+02
 0.230000E+01  0.224985E+02
 0.240000E+01  0.223401E+02
 0.250000E+01  0.222184E+02
 0.260000E+01  0.220379E+02
 0.270000E+01  0.214653E+02
 0.280000E+01  0.214706E+02
 0.290000E+01  0.217227E+02
 0.300000E+01  0.213708E+02
 0.310000E+01  0.211914E+02
 0.320000E+01  0.215301E+02
 0.330000E+01  0.209598E+02
 0.340000E+01  0.209868E+02
 0.350000E+01  0.207140E+02
 0.360000E+01  0.205609E+02
 0.370000E+01  0.205144E+02
 0.380000E+01  0.208793E+02
 0.390000E+01  0.204388E+02
 0.400000E+01  0.202513E+02
 0.410000E+01  0.201994E+02
 0.420000E+01  0.201733E+02
 0.430000E+01  0.204269E+02
 0.440000E+01  0.198348E+02
 0.450000E+01  0.198732E+02
 0.460000E+01  0.200510E+02
 0.470000E+01  0.201090E+02
 0.480000E+01  0.197474E+02
 0.490000E+01  0.199814E+02
 0.500000E+01  0.197785E+02
 0.510000E+01  0.197204E+02
 0.520000E+01  0.193469E+02
 0.530000E+01  0.193686E+02
 0.540000E+01  0.190576E+02
 0.550000E+01  0.193605E+02
 0.560000E+01  0.193425E+02
 0.570000E+01  0.195684E+02
 0.580000E+01  0.193560E+02
 0.590000E+01  0.196002E+02
 0.600000E+01  0.191884E+02
 0.610000E+01  0.192916E+02
 0.620000E+01  0.192831E+02
 0.630000E+01  0.195167E+02
 0.640000E+01  0.191616E+02
 0.650000E+01  0.190606E+02
 0.660000E+01  0.195418E+02
 0.670000E+01  0.191245E+02
 0.680000E+01  0.190778E+02
 0.690000E+01  0.190433E+02
 0.700000E+01  0.194600E+02
 0.710000E+01  0.190341E+02
 0.720000E+01  0.192462E+02
 0.730000E+01  0.188044E+02
 0.740000E+01  0.189762E+02
 0.750000E+01  0.190082E+02
 0.760000E+01  0.190462E+02
 0.770000E+01  0.193930E+02
 0.780000E+01  0.189426E+02
 0.790000E+01  0.190687E+02
 0.800000E+01  0.190147E+02
 0.810000E+01  0.191469E+02
 0.820000E+01  0.187570E+02
 0.830000E+01  0.189708E+02
 0.840000E+01  0.189586E+02
 0.850000E+01  0.190509E+02
 0.860000E+01  0.188887E+02
 0.870000E+01  0.189814E+02
 0.880000E+01  0.190742E+02
 0.890000E+01  0.189302E+02
 0.900000E+01  0.187923E+02
 0.910000E+01  0.190415E+02
 0.920000E+01  0.187196E+02
 0.930000E+01  0.189631E+02
 0.940000E+01  0.188666E+02
 0.950000E+01  0.187531E+02
 0.960000E+01  0.187781E+02
 0.970000E+01  0.184235E+02
 0.980000E+01  0.189261E+02
 0.990000E+01  0.188422E+02
 0.100000E+02  0.185058E+02
 # shift:  0.200000000000000     
 0.100000E+00  0.137172E+02
 0.200000E+00  0.148039E+02
 0.300000E+00  0.222321E+02
 0.400000E+00  0.270963E+02
 0.500000E+00  0.270483E+02
 0.600000E+00  0.257015E+02
 0.700000E+00  0.241909E+02
 0.800000E+00  0.240976E+02
 0.900000E+00  0.234520E+02
 0.100000E+01  0.229851E+02
 0.110000E+01  0.227422E+02
 0.120000E+01  0.220981E+02
 0.130000E+01  0.214790E+02
 0.140000E+01  0.211674E+02
 0.150000E+01  0.209750E+02
 0.160000E+01  0.205143E+02
 0.170000E+01  0.199039E+02
 0.180000E+01  0.202405E+02
 0.190000E+01  0.196544E+02
 0.200000E+01  0.197503E+02
 0.210000E+01  0.196570E+02
 0.220000E+01  0.189916E+02
 0.230000E+01  0.187162E+02
 0.240000E+01  0.187259E+02
 0.250000E+01  0.182892E+02
 0.260000E+01  0.182600E+02
 0.270000E+01  0.180838E+02
 0.280000E+01  0.182443E+02
 0.290000E+01  0.179105E+02
 0.300000E+01  0.178902E+02
 0.310000E+01  0.179891E+02
 0.320000E+01  0.173300E+02
 0.330000E+01  0.171983E+02
 0.340000E+01  0.172057E+02
 0.350000E+01  0.174345E+02
 0.360000E+01  0.173929E+02
 0.370000E+01  0.167508E+02
 0.380000E+01  0.169479E+02
 0.390000E+01  0.172229E+02
 0.400000E+01  0.164830E+02
 0.410000E+01  0.165603E+02
 0.420000E+01  0.165410E+02
 0.430000E+01  0.166663E+02
 0.440000E+01  0.164758E+02
 0.450000E+01  0.163535E+02
 0.460000E+01  0.164868E+02
 0.470000E+01  0.159968E+02
 0.480000E+01  0.163043E+02
 0.490000E+01  0.163237E+02
 0.500000E+01  0.162833E+02
 0.510000E+01  0.162489E+02
 0.520000E+01  0.160798E+02
 0.530000E+01  0.162431E+02
 0.540000E+01  0.159960E+02
 0.550000E+01  0.161603E+02
 0.560000E+01  0.159653E+02
 0.570000E+01  0.162352E+02
 0.580000E+01  0.157881E+02
 0.590000E+01  0.158549E+02
 0.600000E+01  0.160560E+02
 0.610000E+01  0.157764E+02
 0.620000E+01  0.157257E+02
 0.630000E+01  0.157053E+02
 0.640000E+01  0.158336E+02
 0.650000E+01  0.153801E+02
 0.660000E+01  0.155980E+02
 0.670000E+01  0.158257E+02
 0.680000E+01  0.158075E+02
 0.690000E+01  0.159567E+02
 0.700000E+01  0.159785E+02
 0.710000E+01  0.157802E+02
 0.720000E+01  0.155386E+02
 0.730000E+01  0.156010E+02
 0.740000E+01  0.156782E+02
 0.750000E+01  0.153555E+02
 0.760000E+01  0.157843E+02
 0.770000E+01  0.155115E+02
 0.780000E+01  0.157892E+02
 0.790000E+01  0.155563E+02
 0.800000E+01  0.158971E+02
 0.810000E+01  0.158010E+02
 0.820000E+01  0.153563E+02
 0.830000E+01  0.156390E+02
 0.840000E+01  0.155393E+02
 0.850000E+01  0.156527E+02
 0.860000E+01  0.153748E+02
 0.870000E+01  0.154789E+02
 0.880000E+01  0.155107E+02
 0.890000E+01  0.156343E+02
 0.900000E+01  0.154737E+02
 0.910000E+01  0.152077E+02
 0.920000E+01  0.154040E+02
 0.930000E+01  0.153646E+02
 0.940000E+01  0.156186E+02
 0.950000E+01  0.155219E+02
 0.960000E+01  0.154975E+02
 0.970000E+01  0.153007E+02
 0.980000E+01  0.154685E+02
 0.990000E+01  0.155021E+02
 0.100000E+02  0.152822E+02
 # shift:  0.240000000000000     
 0.100000E+00  0.121818E+02
 0.200000E+00  0.130861E+02
 0.300000E+00  0.193734E+02
 0.400000E+00  0.235718E+02
 0.500000E+00  0.237315E+02
 0.600000E+00  0.223014E+02
 0.700000E+00  0.209656E+02
 0.800000E+00  0.207144E+02
 0.900000E+00  0.203862E+02
 0.100000E+01  0.199025E+02
 0.110000E+01  0.193867E+02
 0.120000E+01  0.188375E+02
 0.130000E+01  0.183042E+02
 0.140000E+01  0.179998E+02
 0.150000E+01  0.177616E+02
 0.160000E+01  0.173754E+02
 0.170000E+01  0.169755E+02
 0.180000E+01  0.170147E+02
 0.190000E+01  0.165576E+02
 0.200000E+01  0.164179E+02
 0.210000E+01  0.162670E+02
 0.220000E+01  0.159970E+02
 0.230000E+01  0.158890E+02
 0.240000E+01  0.156665E+02
 0.250000E+01  0.154046E+02
 0.260000E+01  0.153462E+02
 0.270000E+01  0.150917E+02
 0.280000E+01  0.147254E+02
 0.290000E+01  0.149061E+02
 0.300000E+01  0.146754E+02
 0.310000E+01  0.148957E+02
 0.320000E+01  0.146455E+02
 0.330000E+01  0.142668E+02
 0.340000E+01  0.142724E+02
 0.350000E+01  0.139594E+02
 0.360000E+01  0.141755E+02
 0.370000E+01  0.137945E+02
 0.380000E+01  0.138479E+02
 0.390000E+01  0.136080E+02
 0.400000E+01  0.138028E+02
 0.410000E+01  0.138901E+02
 0.420000E+01  0.135191E+02
 0.430000E+01  0.133611E+02
 0.440000E+01  0.135764E+02
 0.450000E+01  0.134383E+02
 0.460000E+01  0.133785E+02
 0.470000E+01  0.133793E+02
 0.480000E+01  0.132204E+02
 0.490000E+01  0.133245E+02
 0.500000E+01  0.133660E+02
 0.510000E+01  0.133242E+02
 0.520000E+01  0.129231E+02
 0.530000E+01  0.130344E+02
 0.540000E+01  0.128581E+02
 0.550000E+01  0.128997E+02
 0.560000E+01  0.128919E+02
 0.570000E+01  0.129676E+02
 0.580000E+01  0.129816E+02
 0.590000E+01  0.130582E+02
 0.600000E+01  0.129576E+02
 0.610000E+01  0.130309E+02
 0.620000E+01  0.129358E+02
 0.630000E+01  0.128744E+02
 0.640000E+01  0.125883E+02
 0.650000E+01  0.126963E+02
 0.660000E+01  0.130048E+02
 0.670000E+01  0.127618E+02
 0.680000E+01  0.127359E+02
 0.690000E+01  0.126942E+02
 0.700000E+01  0.128887E+02
 0.710000E+01  0.126650E+02
 0.720000E+01  0.125760E+02
 0.730000E+01  0.126414E+02
 0.740000E+01  0.127232E+02
 0.750000E+01  0.127930E+02
 0.760000E+01  0.124231E+02
 0.770000E+01  0.128806E+02
 0.780000E+01  0.128220E+02
 0.790000E+01  0.124381E+02
 0.800000E+01  0.126258E+02
 0.810000E+01  0.126849E+02
 0.820000E+01  0.125436E+02
 0.830000E+01  0.124911E+02
 0.840000E+01  0.125149E+02
 0.850000E+01  0.126267E+02
 0.860000E+01  0.127027E+02
 0.870000E+01  0.123599E+02
 0.880000E+01  0.124962E+02
 0.890000E+01  0.125408E+02
 0.900000E+01  0.124901E+02
 0.910000E+01  0.125391E+02
 0.920000E+01  0.125643E+02
 0.930000E+01  0.122722E+02
 0.940000E+01  0.123218E+02
 0.950000E+01  0.124110E+02
 0.960000E+01  0.126468E+02
 0.970000E+01  0.124196E+02
 0.980000E+01  0.125486E+02
 0.990000E+01  0.122825E+02
 0.100000E+02  0.127078E+02
 # shift:  0.280000000000000     
 0.100000E+00  0.107382E+02
 0.200000E+00  0.114491E+02
 0.300000E+00  0.168873E+02
 0.400000E+00  0.205195E+02
 0.500000E+00  0.208629E+02
 0.600000E+00  0.195123E+02
 0.700000E+00  0.180183E+02
 0.800000E+00  0.177254E+02
 0.900000E+00  0.173502E+02
 0.100000E+01  0.170618E+02
 0.110000E+01  0.163629E+02
 0.120000E+01  0.163413E+02
 0.130000E+01  0.153032E+02
 0.140000E+01  0.153339E+02
 0.150000E+01  0.148636E+02
 0.160000E+01  0.147681E+02
 0.170000E+01  0.142910E+02
 0.180000E+01  0.140845E+02
 0.190000E+01  0.138241E+02
 0.200000E+01  0.135425E+02
 0.210000E+01  0.135457E+02
 0.220000E+01  0.132346E+02
 0.230000E+01  0.129252E+02
 0.240000E+01  0.125432E+02
 0.250000E+01  0.123941E+02
 0.260000E+01  0.127102E+02
 0.270000E+01  0.121844E+02
 0.280000E+01  0.122394E+02
 0.290000E+01  0.119279E+02
 0.300000E+01  0.120715E+02
 0.310000E+01  0.118812E+02
 0.320000E+01  0.119283E+02
 0.330000E+01  0.115644E+02
 0.340000E+01  0.115325E+02
 0.350000E+01  0.113931E+02
 0.360000E+01  0.113730E+02
 0.370000E+01  0.111846E+02
 0.380000E+01  0.112697E+02
 0.390000E+01  0.113233E+02
 0.400000E+01  0.108733E+02
 0.410000E+01  0.109057E+02
 0.420000E+01  0.109390E+02
 0.430000E+01  0.110617E+02
 0.440000E+01  0.108319E+02
 0.450000E+01  0.108825E+02
 0.460000E+01  0.107619E+02
 0.470000E+01  0.106289E+02
 0.480000E+01  0.106825E+02
 0.490000E+01  0.105662E+02
 0.500000E+01  0.106629E+02
 0.510000E+01  0.103239E+02
 0.520000E+01  0.105189E+02
 0.530000E+01  0.104588E+02
 0.540000E+01  0.103448E+02
 0.550000E+01  0.101565E+02
 0.560000E+01  0.103184E+02
 0.570000E+01  0.102482E+02
 0.580000E+01  0.103695E+02
 0.590000E+01  0.104535E+02
 0.600000E+01  0.102630E+02
 0.610000E+01  0.103986E+02
 0.620000E+01  0.102809E+02
 0.630000E+01  0.102551E+02
 0.640000E+01  0.102938E+02
 0.650000E+01  0.104940E+02
 0.660000E+01  0.103552E+02
 0.670000E+01  0.103814E+02
 0.680000E+01  0.103510E+02
 0.690000E+01  0.101509E+02
 0.700000E+01  0.101950E+02
 0.710000E+01  0.102593E+02
 0.720000E+01  0.102241E+02
 0.730000E+01  0.102058E+02
 0.740000E+01  0.101383E+02
 0.750000E+01  0.101771E+02
 0.760000E+01  0.998821E+01
 0.770000E+01  0.100672E+02
 0.780000E+01  0.101990E+02
 0.790000E+01  0.102453E+02
 0.800000E+01  0.101930E+02
 0.810000E+01  0.100788E+02
 0.820000E+01  0.101486E+02
 0.830000E+01  0.102480E+02
 0.840000E+01  0.988301E+01
 0.850000E+01  0.102181E+02
 0.860000E+01  0.102590E+02
 0.870000E+01  0.980463E+01
 0.880000E+01  0.100319E+02
 0.890000E+01  0.975142E+01
 0.900000E+01  0.100891E+02
 0.910000E+01  0.989396E+01
 0.920000E+01  0.100593E+02
 0.930000E+01  0.990380E+01
 0.940000E+01  0.997855E+01
 0.950000E+01  0.960060E+01
 0.960000E+01  0.101184E+02
 0.970000E+01  0.101577E+02
 0.980000E+01  0.987784E+01
 0.990000E+01  0.100722E+02
 0.100000E+02  0.100250E+02
 # shift:  0.320000000000000     
 0.100000E+00  0.938631E+01
 0.200000E+00  0.997652E+01
 0.300000E+00  0.147444E+02
 0.400000E+00  0.177538E+02
 0.500000E+00  0.179025E+02
 0.600000E+00  0.167099E+02
 0.700000E+00  0.155452E+02
 0.800000E+00  0.153662E+02
 0.900000E+00  0.144123E+02
 0.100000E+01  0.141388E+02
 0.110000E+01  0.139261E+02
 0.120000E+01  0.134897E+02
 0.130000E+01  0.129087E+02
 0.140000E+01  0.127678E+02
 0.150000E+01  0.123568E+02
 0.160000E+01  0.121376E+02
 0.170000E+01  0.118766E+02
 0.180000E+01  0.116257E+02
 0.190000E+01  0.112247E+02
 0.200000E+01  0.110554E+02
 0.210000E+01  0.111796E+02
 0.220000E+01  0.106471E+02
 0.230000E+01  0.106227E+02
 0.240000E+01  0.104963E+02
 0.250000E+01  0.998915E+01
 0.260000E+01  0.101496E+02
 0.270000E+01  0.100841E+02
 0.280000E+01  0.991302E+01
 0.290000E+01  0.976871E+01
 0.300000E+01  0.940050E+01
 0.310000E+01  0.958166E+01
 0.320000E+01  0.943066E+01
 0.330000E+01  0.921974E+01
 0.340000E+01  0.934448E+01
 0.350000E+01  0.918482E+01
 0.360000E+01  0.911490E+01
 0.370000E+01  0.913327E+01
 0.380000E+01  0.888408E+01
 0.390000E+01  0.895611E+01
 0.400000E+01  0.886476E+01
 0.410000E+01  0.881042E+01
 0.420000E+01  0.876344E+01
 0.430000E+01  0.875839E+01
 0.440000E+01  0.875152E+01
 0.450000E+01  0.864514E+01
 0.460000E+01  0.854041E+01
 0.470000E+01  0.849147E+01
 0.480000E+01  0.849484E+01
 0.490000E+01  0.851316E+01
 0.500000E+01  0.849819E+01
 0.510000E+01  0.834879E+01
 0.520000E+01  0.833579E+01
 0.530000E+01  0.847193E+01
 0.540000E+01  0.830348E+01
 0.550000E+01  0.810311E+01
 0.560000E+01  0.813775E+01
 0.570000E+01  0.812835E+01
 0.580000E+01  0.820523E+01
 0.590000E+01  0.817191E+01
 0.600000E+01  0.799891E+01
 0.610000E+01  0.818674E+01
 0.620000E+01  0.811944E+01
 0.630000E+01  0.819225E+01
 0.640000E+01  0.819153E+01
 0.650000E+01  0.815036E+01
 0.660000E+01  0.816133E+01
 0.670000E+01  0.814284E+01
 0.680000E+01  0.808141E+01
 0.690000E+01  0.810973E+01
 0.700000E+01  0.804656E+01
 0.710000E+01  0.818313E+01
 0.720000E+01  0.795945E+01
 0.730000E+01  0.813119E+01
 0.740000E+01  0.795712E+01
 0.750000E+01  0.797910E+01
 0.760000E+01  0.790515E+01
 0.770000E+01  0.791432E+01
 0.780000E+01  0.791570E+01
 0.790000E+01  0.801035E+01
 0.800000E+01  0.788469E+01
 0.810000E+01  0.788416E+01
 0.820000E+01  0.798970E+01
 0.830000E+01  0.802382E+01
 0.840000E+01  0.800259E+01
 0.850000E+01  0.796584E+01
 0.860000E+01  0.786091E+01
 0.870000E+01  0.784844E+01
 0.880000E+01  0.800165E+01
 0.890000E+01  0.784775E+01
 0.900000E+01  0.774420E+01
 0.910000E+01  0.779804E+01
 0.920000E+01  0.784667E+01
 0.930000E+01  0.779354E+01
 0.940000E+01  0.787630E+01
 0.950000E+01  0.785741E+01
 0.960000E+01  0.783871E+01
 0.970000E+01  0.806458E+01
 0.980000E+01  0.781743E+01
 0.990000E+01  0.793935E+01
 0.100000E+02  0.780194E+01
 # shift:  0.360000000000000     
 0.100000E+00  0.812616E+01
 0.200000E+00  0.856105E+01
 0.300000E+00  0.125687E+02
 0.400000E+00  0.154573E+02
 0.500000E+00  0.151921E+02
 0.600000E+00  0.140588E+02
 0.700000E+00  0.129616E+02
 0.800000E+00  0.127621E+02
 0.900000E+00  0.122766E+02
 0.100000E+01  0.117412E+02
 0.110000E+01  0.112993E+02
 0.120000E+01  0.111073E+02
 0.130000E+01  0.107114E+02
 0.140000E+01  0.103942E+02
 0.150000E+01  0.101649E+02
 0.160000E+01  0.988417E+01
 0.170000E+01  0.960198E+01
 0.180000E+01  0.930035E+01
 0.190000E+01  0.916861E+01
 0.200000E+01  0.896282E+01
 0.210000E+01  0.881839E+01
 0.220000E+01  0.852004E+01
 0.230000E+01  0.849291E+01
 0.240000E+01  0.833546E+01
 0.250000E+01  0.814777E+01
 0.260000E+01  0.800793E+01
 0.270000E+01  0.792460E+01
 0.280000E+01  0.752947E+01
 0.290000E+01  0.763304E+01
 0.300000E+01  0.768703E+01
 0.310000E+01  0.748332E+01
 0.320000E+01  0.751435E+01
 0.330000E+01  0.745091E+01
 0.340000E+01  0.728735E+01
 0.350000E+01  0.708605E+01
 0.360000E+01  0.709850E+01
 0.370000E+01  0.715776E+01
 0.380000E+01  0.686190E+01
 0.390000E+01  0.685294E+01
 0.400000E+01  0.699882E+01
 0.410000E+01  0.687382E+01
 0.420000E+01  0.669478E+01
 0.430000E+01  0.678870E+01
 0.440000E+01  0.674109E+01
 0.450000E+01  0.669705E+01
 0.460000E+01  0.669788E+01
 0.470000E+01  0.664902E+01
 0.480000E+01  0.655099E+01
 0.490000E+01  0.657732E+01
 0.500000E+01  0.655870E+01
 0.510000E+01  0.650467E+01
 0.520000E+01  0.661386E+01
 0.530000E+01  0.648028E+01
 0.540000E+01  0.633467E+01
 0.550000E+01  0.649186E+01
 0.560000E+01  0.633695E+01
 0.570000E+01  0.641425E+01
 0.580000E+01  0.636984E+01
 0.590000E+01  0.644528E+01
 0.600000E+01  0.632924E+01
 0.610000E+01  0.638766E+01
 0.620000E+01  0.638262E+01
 0.630000E+01  0.648508E+01
 0.640000E+01  0.625605E+01
 0.650000E+01  0.636336E+01
 0.660000E+01  0.630344E+01
 0.670000E+01  0.628305E+01
 0.680000E+01  0.637972E+01
 0.690000E+01  0.631460E+01
 0.700000E+01  0.608007E+01
 0.710000E+01  0.622681E+01
 0.720000E+01  0.631322E+01
 0.730000E+01  0.627763E+01
 0.740000E+01  0.623388E+01
 0.750000E+01  0.624381E+01
 0.760000E+01  0.623481E+01
 0.770000E+01  0.620903E+01
 0.780000E+01  0.622176E+01
 0.790000E+01  0.614151E+01
 0.800000E+01  0.627092E+01
 0.810000E+01  0.619967E+01
 0.820000E+01  0.617310E+01
 0.830000E+01  0.615940E+01
 0.840000E+01  0.613543E+01
 0.850000E+01  0.619976E+01
 0.860000E+01  0.614892E+01
 0.870000E+01  0.605658E+01
 0.880000E+01  0.612957E+01
 0.890000E+01  0.629009E+01
 0.900000E+01  0.613384E+01
 0.910000E+01  0.610501E+01
 0.920000E+01  0.600369E+01
 0.930000E+01  0.620972E+01
 0.940000E+01  0.620616E+01
 0.950000E+01  0.600620E+01
 0.960000E+01  0.607548E+01
 0.970000E+01  0.600228E+01
 0.980000E+01  0.602424E+01
 0.990000E+01  0.611624E+01
 0.100000E+02  0.600042E+01
 # shift:  0.400000000000000     
 0.100000E+00  0.695773E+01
 0.200000E+00  0.725709E+01
 0.300000E+00  0.106426E+02
 0.400000E+00  0.128125E+02
 0.500000E+00  0.127258E+02
 0.600000E+00  0.118525E+02
 0.700000E+00  0.109208E+02
 0.800000E+00  0.106432E+02
 0.900000E+00  0.986457E+01
 0.100000E+01  0.967010E+01
 0.110000E+01  0.941522E+01
 0.120000E+01  0.905875E+01
 0.130000E+01  0.853270E+01
 0.140000E+01  0.836063E+01
 0.150000E+01  0.803424E+01
 0.160000E+01  0.788125E+01
 0.170000E+01  0.754624E+01
 0.180000E+01  0.744135E+01
 0.190000E+01  0.717733E+01
 0.200000E+01  0.709061E+01
 0.210000E+01  0.714475E+01
 0.220000E+01  0.684260E+01
 0.230000E+01  0.669950E+01
 0.240000E+01  0.628448E+01
 0.250000E+01  0.626603E+01
 0.260000E+01  0.633383E+01
 0.270000E+01  0.615946E+01
 0.280000E+01  0.595182E+01
 0.290000E+01  0.590982E+01
 0.300000E+01  0.585235E+01
 0.310000E+01  0.590312E+01
 0.320000E+01  0.569586E+01
 0.330000E+01  0.579141E+01
 0.340000E+01  0.555196E+01
 0.350000E+01  0.557060E+01
 0.360000E+01  0.557289E+01
 0.370000E+01  0.550952E+01
 0.380000E+01  0.541190E+01
 0.390000E+01  0.524662E+01
 0.400000E+01  0.534132E+01
 0.410000E+01  0.523240E+01
 0.420000E+01  0.526476E+01
 0.430000E+01  0.529948E+01
 0.440000E+01  0.515252E+01
 0.450000E+01  0.522552E+01
 0.460000E+01  0.532958E+01
 0.470000E+01  0.503232E+01
 0.480000E+01  0.514660E+01
 0.490000E+01  0.494018E+01
 0.500000E+01  0.502459E+01
 0.510000E+01  0.494279E+01
 0.520000E+01  0.498841E+01
 0.530000E+01  0.498279E+01
 0.540000E+01  0.502357E+01
 0.550000E+01  0.499765E+01
 0.560000E+01  0.498813E+01
 0.570000E+01  0.487763E+01
 0.580000E+01  0.490944E+01
 0.590000E+01  0.483713E+01
 0.600000E+01  0.491985E+01
 0.610000E+01  0.483307E+01
 0.620000E+01  0.482985E+01
 0.630000E+01  0.480288E+01
 0.640000E+01  0.490831E+01
 0.650000E+01  0.475367E+01
 0.660000E+01  0.474676E+01
 0.670000E+01  0.478435E+01
 0.680000E+01  0.483558E+01
 0.690000E+01  0.481742E+01
 0.700000E+01  0.477593E+01
 0.710000E+01  0.472983E+01
 0.720000E+01  0.472449E+01
 0.730000E+01  0.472275E+01
 0.740000E+01  0.468105E+01
 0.750000E+01  0.473162E+01
 0.760000E+01  0.471716E+01
 0.770000E+01  0.475117E+01
 0.780000E+01  0.463411E+01
 0.790000E+01  0.479288E+01
 0.800000E+01  0.467486E+01
 0.810000E+01  0.470609E+01
 0.820000E+01  0.475059E+01
 0.830000E+01  0.471276E+01
 0.840000E+01  0.464567E+01
 0.850000E+01  0.457562E+01
 0.860000E+01  0.467958E+01
 0.870000E+01  0.470978E+01
 0.880000E+01  0.455549E+01
 0.890000E+01  0.467569E+01
 0.900000E+01  0.469310E+01
 0.910000E+01  0.479510E+01
 0.920000E+01  0.457069E+01
 0.930000E+01  0.456586E+01
 0.940000E+01  0.472137E+01
 0.950000E+01  0.462440E+01
 0.960000E+01  0.456658E+01
 0.970000E+01  0.465246E+01
 0.980000E+01  0.456756E+01
 0.990000E+01  0.469200E+01
 0.100000E+02  0.465725E+01
 # shift:  0.440000000000000     
 0.100000E+00  0.588098E+01
 0.200000E+00  0.606443E+01
 0.300000E+00  0.875549E+01
 0.400000E+00  0.107794E+02
 0.500000E+00  0.105524E+02
 0.600000E+00  0.947646E+01
 0.700000E+00  0.899507E+01
 0.800000E+00  0.862866E+01
 0.900000E+00  0.816055E+01
 0.100000E+01  0.771464E+01
 0.110000E+01  0.748122E+01
 0.120000E+01  0.721692E+01
 0.130000E+01  0.682880E+01
 0.140000E+01  0.652883E+01
 0.150000E+01  0.630560E+01
 0.160000E+01  0.618557E+01
 0.170000E+01  0.588872E+01
 0.180000E+01  0.564244E+01
 0.190000E+01  0.569440E+01
 0.200000E+01  0.546065E+01
 0.210000E+01  0.536369E+01
 0.220000E+01  0.522443E+01
 0.230000E+01  0.514473E+01
 0.240000E+01  0.497219E+01
 0.250000E+01  0.478136E+01
 0.260000E+01  0.488970E+01
 0.270000E+01  0.470999E+01
 0.280000E+01  0.450375E+01
 0.290000E+01  0.456937E+01
 0.300000E+01  0.438759E+01
 0.310000E+01  0.436542E+01
 0.320000E+01  0.439615E+01
 0.330000E+01  0.435387E+01
 0.340000E+01  0.432564E+01
 0.350000E+01  0.421118E+01
 0.360000E+01  0.414451E+01
 0.370000E+01  0.416485E+01
 0.380000E+01  0.409391E+01
 0.390000E+01  0.404539E+01
 0.400000E+01  0.396899E+01
 0.410000E+01  0.397429E+01
 0.420000E+01  0.393975E+01
 0.430000E+01  0.388901E+01
 0.440000E+01  0.390812E+01
 0.450000E+01  0.380380E+01
 0.460000E+01  0.392490E+01
 0.470000E+01  0.376342E+01
 0.480000E+01  0.376395E+01
 0.490000E+01  0.373280E+01
 0.500000E+01  0.373996E+01
 0.510000E+01  0.374886E+01
 0.520000E+01  0.367815E+01
 0.530000E+01  0.373062E+01
 0.540000E+01  0.375568E+01
 0.550000E+01  0.362970E+01
 0.560000E+01  0.365025E+01
 0.570000E+01  0.364394E+01
 0.580000E+01  0.360293E+01
 0.590000E+01  0.364580E+01
 0.600000E+01  0.357352E+01
 0.610000E+01  0.357941E+01
 0.620000E+01  0.353762E+01
 0.630000E+01  0.362633E+01
 0.640000E+01  0.356398E+01
 0.650000E+01  0.359588E+01
 0.660000E+01  0.355289E+01
 0.670000E+01  0.358899E+01
 0.680000E+01  0.360945E+01
 0.690000E+01  0.363785E+01
 0.700000E+01  0.351405E+01
 0.710000E+01  0.349751E+01
 0.720000E+01  0.352005E+01
 0.730000E+01  0.341996E+01
 0.740000E+01  0.347644E+01
 0.750000E+01  0.352895E+01
 0.760000E+01  0.348006E+01
 0.770000E+01  0.348272E+01
 0.780000E+01  0.353409E+01
 0.790000E+01  0.350633E+01
 0.800000E+01  0.355135E+01
 0.810000E+01  0.350363E+01
 0.820000E+01  0.345373E+01
 0.830000E+01  0.347745E+01
 0.840000E+01  0.354794E+01
 0.850000E+01  0.345830E+01
 0.860000E+01  0.339423E+01
 0.870000E+01  0.346606E+01
 0.880000E+01  0.347136E+01
 0.890000E+01  0.354179E+01
 0.900000E+01  0.347345E+01
 0.910000E+01  0.350270E+01
 0.920000E+01  0.345353E+01
 0.930000E+01  0.348169E+01
 0.940000E+01  0.339441E+01
 0.950000E+01  0.339793E+01
 0.960000E+01  0.346961E+01
 0.970000E+01  0.344975E+01
 0.980000E+01  0.346700E+01
 0.990000E+01  0.350773E+01
 0.100000E+02  0.338844E+01
 # shift:  0.480000000000000     
 0.100000E+00  0.489584E+01
 0.200000E+00  0.498275E+01
 0.300000E+00  0.731943E+01
 0.400000E+00  0.882438E+01
 0.500000E+00  0.854645E+01
 0.600000E+00  0.779792E+01
 0.700000E+00  0.712267E+01
 0.800000E+00  0.688095E+01
 0.900000E+00  0.645154E+01
 0.100000E+01  0.616500E+01
 0.110000E+01  0.587561E+01
 0.120000E+01  0.546679E+01
 0.130000E+01  0.525422E+01
 0.140000E+01  0.504713E+01
 0.150000E+01  0.492544E+01
 0.160000E+01  0.474113E+01
 0.170000E+01  0.457689E+01
 0.180000E+01  0.428672E+01
 0.190000E+01  0.430798E+01
 0.200000E+01  0.416945E+01
 0.210000E+01  0.407269E+01
 0.220000E+01  0.398582E+01
 0.230000E+01  0.377038E+01
 0.240000E+01  0.370030E+01
 0.250000E+01  0.367018E+01
 0.260000E+01  0.359689E+01
 0.270000E+01  0.351080E+01
 0.280000E+01  0.348411E+01
 0.290000E+01  0.343489E+01
 0.300000E+01  0.330542E+01
 0.310000E+01  0.330128E+01
 0.320000E+01  0.323399E+01
 0.330000E+01  0.325280E+01
 0.340000E+01  0.314360E+01
 0.350000E+01  0.306846E+01
 0.360000E+01  0.306441E+01
 0.370000E+01  0.306009E+01
 0.380000E+01  0.295006E+01
 0.390000E+01  0.293679E+01
 0.400000E+01  0.289642E+01
 0.410000E+01  0.291048E+01
 0.420000E+01  0.295138E+01
 0.430000E+01  0.292655E+01
 0.440000E+01  0.277835E+01
 0.450000E+01  0.286417E+01
 0.460000E+01  0.272326E+01
 0.470000E+01  0.280180E+01
 0.480000E+01  0.280852E+01
 0.490000E+01  0.269254E+01
 0.500000E+01  0.274376E+01
 0.510000E+01  0.270871E+01
 0.520000E+01  0.270464E+01
 0.530000E+01  0.266762E+01
 0.540000E+01  0.272760E+01
 0.550000E+01  0.277188E+01
 0.560000E+01  0.266295E+01
 0.570000E+01  0.270974E+01
 0.580000E+01  0.264424E+01
 0.590000E+01  0.260895E+01
 0.600000E+01  0.261160E+01
 0.610000E+01  0.263664E+01
 0.620000E+01  0.262051E+01
 0.630000E+01  0.260971E+01
 0.640000E+01  0.259917E+01
 0.650000E+01  0.258989E+01
 0.660000E+01  0.257291E+01
 0.670000E+01  0.257401E+01
 0.680000E+01  0.258711E+01
 0.690000E+01  0.254129E+01
 0.700000E+01  0.261161E+01
 0.710000E+01  0.266800E+01
 0.720000E+01  0.263060E+01
 0.730000E+01  0.264997E+01
 0.740000E+01  0.257137E+01
 0.750000E+01  0.250782E+01
 0.760000E+01  0.257892E+01
 0.770000E+01  0.261995E+01
 0.780000E+01  0.255807E+01
 0.790000E+01  0.249948E+01
 0.800000E+01  0.253597E+01
 0.810000E+01  0.255235E+01
 0.820000E+01  0.259640E+01
 0.830000E+01  0.254816E+01
 0.840000E+01  0.245280E+01
 0.850000E+01  0.251790E+01
 0.860000E+01  0.250724E+01
 0.870000E+01  0.250333E+01
 0.880000E+01  0.250327E+01
 0.890000E+01  0.255778E+01
 0.900000E+01  0.250154E+01
 0.910000E+01  0.249050E+01
 0.920000E+01  0.245623E+01
 0.930000E+01  0.251075E+01
 0.940000E+01  0.255026E+01
 0.950000E+01  0.249303E+01
 0.960000E+01  0.250474E+01
 0.970000E+01  0.249609E+01
 0.980000E+01  0.248476E+01
 0.990000E+01  0.256313E+01
 0.100000E+02  0.251497E+01
 # shift:  0.520000000000000     
 0.100000E+00  0.400227E+01
 0.200000E+00  0.401162E+01
 0.300000E+00  0.586440E+01
 0.400000E+00  0.699402E+01
 0.500000E+00  0.688169E+01
 0.600000E+00  0.623310E+01
 0.700000E+00  0.566491E+01
 0.800000E+00  0.536558E+01
 0.900000E+00  0.505256E+01
 0.100000E+01  0.470987E+01
 0.110000E+01  0.452789E+01
 0.120000E+01  0.423908E+01
 0.130000E+01  0.408203E+01
 0.140000E+01  0.386941E+01
 0.150000E+01  0.371145E+01
 0.160000E+01  0.355101E+01
 0.170000E+01  0.338303E+01
 0.180000E+01  0.324918E+01
 0.190000E+01  0.318332E+01
 0.200000E+01  0.301493E+01
 0.210000E+01  0.300263E+01
 0.220000E+01  0.288486E+01
 0.230000E+01  0.284921E+01
 0.240000E+01  0.274738E+01
 0.250000E+01  0.259772E+01
 0.260000E+01  0.258896E+01
 0.270000E+01  0.254581E+01
 0.280000E+01  0.248072E+01
 0.290000E+01  0.244325E+01
 0.300000E+01  0.235114E+01
 0.310000E+01  0.235854E+01
 0.320000E+01  0.232204E+01
 0.330000E+01  0.229328E+01
 0.340000E+01  0.226059E+01
 0.350000E+01  0.219109E+01
 0.360000E+01  0.219049E+01
 0.370000E+01  0.219988E+01
 0.380000E+01  0.221899E+01
 0.390000E+01  0.206068E+01
 0.400000E+01  0.212569E+01
 0.410000E+01  0.207628E+01
 0.420000E+01  0.211820E+01
 0.430000E+01  0.205738E+01
 0.440000E+01  0.202366E+01
 0.450000E+01  0.204378E+01
 0.460000E+01  0.200810E+01
 0.470000E+01  0.200653E+01
 0.480000E+01  0.196819E+01
 0.490000E+01  0.194550E+01
 0.500000E+01  0.197879E+01
 0.510000E+01  0.194752E+01
 0.520000E+01  0.189829E+01
 0.530000E+01  0.191439E+01
 0.540000E+01  0.191297E+01
 0.550000E+01  0.188435E+01
 0.560000E+01  0.192068E+01
 0.570000E+01  0.186098E+01
 0.580000E+01  0.185012E+01
 0.590000E+01  0.184178E+01
 0.600000E+01  0.183293E+01
 0.610000E+01  0.184439E+01
 0.620000E+01  0.184186E+01
 0.630000E+01  0.181001E+01
 0.640000E+01  0.187995E+01
 0.650000E+01  0.190414E+01
 0.660000E+01  0.185679E+01
 0.670000E+01  0.179825E+01
 0.680000E+01  0.184463E+01
 0.690000E+01  0.181567E+01
 0.700000E+01  0.182233E+01
 0.710000E+01  0.180966E+01
 0.720000E+01  0.183658E+01
 0.730000E+01  0.184345E+01
 0.740000E+01  0.184468E+01
 0.750000E+01  0.184389E+01
 0.760000E+01  0.184391E+01
 0.770000E+01  0.180729E+01
 0.780000E+01  0.175403E+01
 0.790000E+01  0.174120E+01
 0.800000E+01  0.179724E+01
 0.810000E+01  0.182161E+01
 0.820000E+01  0.179709E+01
 0.830000E+01  0.174282E+01
 0.840000E+01  0.180420E+01
 0.850000E+01  0.176486E+01
 0.860000E+01  0.183298E+01
 0.870000E+01  0.178631E+01
 0.880000E+01  0.181152E+01
 0.890000E+01  0.181333E+01
 0.900000E+01  0.174042E+01
 0.910000E+01  0.177399E+01
 0.920000E+01  0.180885E+01
 0.930000E+01  0.174610E+01
 0.940000E+01  0.173130E+01
 0.950000E+01  0.178796E+01
 0.960000E+01  0.173050E+01
 0.970000E+01  0.177149E+01
 0.980000E+01  0.174208E+01
 0.990000E+01  0.175669E+01
 0.100000E+02  0.180633E+01
 # shift:  0.560000000000000     
 0.100000E+00  0.320017E+01
 0.200000E+00  0.313693E+01
 0.300000E+00  0.456948E+01
 0.400000E+00  0.555939E+01
 0.500000E+00  0.529019E+01
 0.600000E+00  0.476663E+01
 0.700000E+00  0.429899E+01
 0.800000E+00  0.406212E+01
 0.900000E+00  0.371774E+01
 0.100000E+01  0.359102E+01
 0.110000E+01  0.334201E+01
 0.120000E+01  0.314683E+01
 0.130000E+01  0.302385E+01
 0.140000E+01  0.282654E+01
 0.150000E+01  0.271726E+01
 0.160000E+01  0.255816E+01
 0.170000E+01  0.248787E+01
 0.180000E+01  0.231647E+01
 0.190000E+01  0.228507E+01
 0.200000E+01  0.220313E+01
 0.210000E+01  0.214181E+01
 0.220000E+01  0.204323E+01
 0.230000E+01  0.194834E+01
 0.240000E+01  0.191322E+01
 0.250000E+01  0.184694E+01
 0.260000E+01  0.180844E+01
 0.270000E+01  0.179353E+01
 0.280000E+01  0.173290E+01
 0.290000E+01  0.164918E+01
 0.300000E+01  0.165743E+01
 0.310000E+01  0.158871E+01
 0.320000E+01  0.163062E+01
 0.330000E+01  0.157273E+01
 0.340000E+01  0.154523E+01
 0.350000E+01  0.151568E+01
 0.360000E+01  0.149466E+01
 0.370000E+01  0.149483E+01
 0.380000E+01  0.150214E+01
 0.390000E+01  0.147400E+01
 0.400000E+01  0.144612E+01
 0.410000E+01  0.143870E+01
 0.420000E+01  0.138561E+01
 0.430000E+01  0.141989E+01
 0.440000E+01  0.135668E+01
 0.450000E+01  0.137504E+01
 0.460000E+01  0.138479E+01
 0.470000E+01  0.134386E+01
 0.480000E+01  0.133999E+01
 0.490000E+01  0.134315E+01
 0.500000E+01  0.131061E+01
 0.510000E+01  0.127585E+01
 0.520000E+01  0.131373E+01
 0.530000E+01  0.128301E+01
 0.540000E+01  0.129886E+01
 0.550000E+01  0.127214E+01
 0.560000E+01  0.130775E+01
 0.570000E+01  0.130859E+01
 0.580000E+01  0.131924E+01
 0.590000E+01  0.123835E+01
 0.600000E+01  0.127563E+01
 0.610000E+01  0.124421E+01
 0.620000E+01  0.126553E+01
 0.630000E+01  0.125887E+01
 0.640000E+01  0.123979E+01
 0.650000E+01  0.125702E+01
 0.660000E+01  0.124768E+01
 0.670000E+01  0.126081E+01
 0.680000E+01  0.125740E+01
 0.690000E+01  0.123762E+01
 0.700000E+01  0.127044E+01
 0.710000E+01  0.126270E+01
 0.720000E+01  0.125152E+01
 0.730000E+01  0.122879E+01
 0.740000E+01  0.124481E+01
 0.750000E+01  0.124515E+01
 0.760000E+01  0.122489E+01
 0.770000E+01  0.119777E+01
 0.780000E+01  0.120947E+01
 0.790000E+01  0.123167E+01
 0.800000E+01  0.120396E+01
 0.810000E+01  0.122021E+01
 0.820000E+01  0.118982E+01
 0.830000E+01  0.122544E+01
 0.840000E+01  0.121010E+01
 0.850000E+01  0.120424E+01
 0.860000E+01  0.121222E+01
 0.870000E+01  0.118591E+01
 0.880000E+01  0.119399E+01
 0.890000E+01  0.121476E+01
 0.900000E+01  0.123014E+01
 0.910000E+01  0.121295E+01
 0.920000E+01  0.118376E+01
 0.930000E+01  0.122004E+01
 0.940000E+01  0.120938E+01
 0.950000E+01  0.119640E+01
 0.960000E+01  0.118831E+01
 0.970000E+01  0.117646E+01
 0.980000E+01  0.119774E+01
 0.990000E+01  0.119746E+01
 0.100000E+02  0.120581E+01
 # shift:  0.600000000000000     
 0.100000E+00  0.248942E+01
 0.200000E+00  0.238946E+01
 0.300000E+00  0.344086E+01
 0.400000E+00  0.421392E+01
 0.500000E+00  0.395960E+01
 0.600000E+00  0.357164E+01
 0.700000E+00  0.317546E+01
 0.800000E+00  0.293890E+01
 0.900000E+00  0.270198E+01
 0.100000E+01  0.257507E+01
 0.110000E+01  0.239243E+01
 0.120000E+01  0.225315E+01
 0.130000E+01  0.206740E+01
 0.140000E+01  0.195195E+01
 0.150000E+01  0.190963E+01
 0.160000E+01  0.176232E+01
 0.170000E+01  0.170397E+01
 0.180000E+01  0.159436E+01
 0.190000E+01  0.152995E+01
 0.200000E+01  0.150150E+01
 0.210000E+01  0.145604E+01
 0.220000E+01  0.143890E+01
 0.230000E+01  0.131827E+01
 0.240000E+01  0.131120E+01
 0.250000E+01  0.122806E+01
 0.260000E+01  0.121307E+01
 0.270000E+01  0.117001E+01
 0.280000E+01  0.116259E+01
 0.290000E+01  0.111479E+01
 0.300000E+01  0.110952E+01
 0.310000E+01  0.109246E+01
 0.320000E+01  0.108268E+01
 0.330000E+01  0.106100E+01
 0.340000E+01  0.103091E+01
 0.350000E+01  0.104844E+01
 0.360000E+01  0.100684E+01
 0.370000E+01  0.984498E+00
 0.380000E+01  0.940334E+00
 0.390000E+01  0.968581E+00
 0.400000E+01  0.956026E+00
 0.410000E+01  0.946016E+00
 0.420000E+01  0.906830E+00
 0.430000E+01  0.943491E+00
 0.440000E+01  0.900122E+00
 0.450000E+01  0.911390E+00
 0.460000E+01  0.917495E+00
 0.470000E+01  0.885716E+00
 0.480000E+01  0.884793E+00
 0.490000E+01  0.873893E+00
 0.500000E+01  0.878793E+00
 0.510000E+01  0.856797E+00
 0.520000E+01  0.870063E+00
 0.530000E+01  0.850926E+00
 0.540000E+01  0.846142E+00
 0.550000E+01  0.840022E+00
 0.560000E+01  0.856932E+00
 0.570000E+01  0.838362E+00
 0.580000E+01  0.844560E+00
 0.590000E+01  0.829019E+00
 0.600000E+01  0.834291E+00
 0.610000E+01  0.844724E+00
 0.620000E+01  0.838038E+00
 0.630000E+01  0.828957E+00
 0.640000E+01  0.817148E+00
 0.650000E+01  0.818450E+00
 0.660000E+01  0.785090E+00
 0.670000E+01  0.812328E+00
 0.680000E+01  0.821303E+00
 0.690000E+01  0.815060E+00
 0.700000E+01  0.811745E+00
 0.710000E+01  0.824328E+00
 0.720000E+01  0.812370E+00
 0.730000E+01  0.819047E+00
 0.740000E+01  0.772515E+00
 0.750000E+01  0.792905E+00
 0.760000E+01  0.800429E+00
 0.770000E+01  0.817601E+00
 0.780000E+01  0.806551E+00
 0.790000E+01  0.797666E+00
 0.800000E+01  0.806635E+00
 0.810000E+01  0.801976E+00
 0.820000E+01  0.788555E+00
 0.830000E+01  0.805052E+00
 0.840000E+01  0.767115E+00
 0.850000E+01  0.778266E+00
 0.860000E+01  0.788725E+00
 0.870000E+01  0.780057E+00
 0.880000E+01  0.787854E+00
 0.890000E+01  0.772961E+00
 0.900000E+01  0.765159E+00
 0.910000E+01  0.793949E+00
 0.920000E+01  0.797462E+00
 0.930000E+01  0.774542E+00
 0.940000E+01  0.791664E+00
 0.950000E+01  0.792942E+00
 0.960000E+01  0.774534E+00
 0.970000E+01  0.775566E+00
 0.980000E+01  0.753070E+00
 0.990000E+01  0.769211E+00
 0.100000E+02  0.787269E+00
 # shift:  0.640000000000000     
 0.100000E+00  0.186982E+01
 0.200000E+00  0.174780E+01
 0.300000E+00  0.254221E+01
 0.400000E+00  0.303697E+01
 0.500000E+00  0.285873E+01
 0.600000E+00  0.253818E+01
 0.700000E+00  0.223366E+01
 0.800000E+00  0.205645E+01
 0.900000E+00  0.190238E+01
 0.100000E+01  0.176022E+01
 0.110000E+01  0.161442E+01
 0.120000E+01  0.153835E+01
 0.130000E+01  0.143556E+01
 0.140000E+01  0.132228E+01
 0.150000E+01  0.127939E+01
 0.160000E+01  0.120603E+01
 0.170000E+01  0.115572E+01
 0.180000E+01  0.106063E+01
 0.190000E+01  0.103026E+01
 0.200000E+01  0.986169E+00
 0.210000E+01  0.916573E+00
 0.220000E+01  0.950047E+00
 0.230000E+01  0.857952E+00
 0.240000E+01  0.810129E+00
 0.250000E+01  0.811589E+00
 0.260000E+01  0.772324E+00
 0.270000E+01  0.740889E+00
 0.280000E+01  0.758860E+00
 0.290000E+01  0.717757E+00
 0.300000E+01  0.707779E+00
 0.310000E+01  0.704932E+00
 0.320000E+01  0.667441E+00
 0.330000E+01  0.672450E+00
 0.340000E+01  0.667511E+00
 0.350000E+01  0.646818E+00
 0.360000E+01  0.632649E+00
 0.370000E+01  0.610418E+00
 0.380000E+01  0.602485E+00
 0.390000E+01  0.603606E+00
 0.400000E+01  0.597936E+00
 0.410000E+01  0.584831E+00
 0.420000E+01  0.582766E+00
 0.430000E+01  0.568716E+00
 0.440000E+01  0.560943E+00
 0.450000E+01  0.578427E+00
 0.460000E+01  0.567525E+00
 0.470000E+01  0.522090E+00
 0.480000E+01  0.542929E+00
 0.490000E+01  0.558155E+00
 0.500000E+01  0.556865E+00
 0.510000E+01  0.530491E+00
 0.520000E+01  0.532877E+00
 0.530000E+01  0.526770E+00
 0.540000E+01  0.528814E+00
 0.550000E+01  0.528180E+00
 0.560000E+01  0.525652E+00
 0.570000E+01  0.523713E+00
 0.580000E+01  0.511852E+00
 0.590000E+01  0.518156E+00
 0.600000E+01  0.522765E+00
 0.610000E+01  0.514403E+00
 0.620000E+01  0.502828E+00
 0.630000E+01  0.498086E+00
 0.640000E+01  0.520234E+00
 0.650000E+01  0.506352E+00
 0.660000E+01  0.499928E+00
 0.670000E+01  0.493369E+00
 0.680000E+01  0.506020E+00
 0.690000E+01  0.501202E+00
 0.700000E+01  0.478889E+00
 0.710000E+01  0.512303E+00
 0.720000E+01  0.497770E+00
 0.730000E+01  0.497099E+00
 0.740000E+01  0.493052E+00
 0.750000E+01  0.499737E+00
 0.760000E+01  0.495552E+00
 0.770000E+01  0.505184E+00
 0.780000E+01  0.502419E+00
 0.790000E+01  0.503737E+00
 0.800000E+01  0.508429E+00
 0.810000E+01  0.474591E+00
 0.820000E+01  0.497605E+00
 0.830000E+01  0.481324E+00
 0.840000E+01  0.494303E+00
 0.850000E+01  0.492042E+00
 0.860000E+01  0.493114E+00
 0.870000E+01  0.482159E+00
 0.880000E+01  0.486790E+00
 0.890000E+01  0.478785E+00
 0.900000E+01  0.482143E+00
 0.910000E+01  0.474881E+00
 0.920000E+01  0.477838E+00
 0.930000E+01  0.486625E+00
 0.940000E+01  0.489363E+00
 0.950000E+01  0.490175E+00
 0.960000E+01  0.474508E+00
 0.970000E+01  0.488209E+00
 0.980000E+01  0.463266E+00
 0.990000E+01  0.491014E+00
 0.100000E+02  0.480431E+00
 # shift:  0.680000000000000     
 0.100000E+00  0.134113E+01
 0.200000E+00  0.121369E+01
 0.300000E+00  0.174823E+01
 0.400000E+00  0.209894E+01
 0.500000E+00  0.193651E+01
 0.600000E+00  0.168239E+01
 0.700000E+00  0.152361E+01
 0.800000E+00  0.137936E+01
 0.900000E+00  0.124702E+01
 0.100000E+01  0.116303E+01
 0.110000E+01  0.105196E+01
 0.120000E+01  0.974005E+00
 0.130000E+01  0.882856E+00
 0.140000E+01  0.831992E+00
 0.150000E+01  0.795776E+00
 0.160000E+01  0.736283E+00
 0.170000E+01  0.704869E+00
 0.180000E+01  0.649220E+00
 0.190000E+01  0.622468E+00
 0.200000E+01  0.611038E+00
 0.210000E+01  0.580721E+00
 0.220000E+01  0.556267E+00
 0.230000E+01  0.528946E+00
 0.240000E+01  0.496191E+00
 0.250000E+01  0.476803E+00
 0.260000E+01  0.471165E+00
 0.270000E+01  0.454122E+00
 0.280000E+01  0.440054E+00
 0.290000E+01  0.445539E+00
 0.300000E+01  0.422866E+00
 0.310000E+01  0.400360E+00
 0.320000E+01  0.394726E+00
 0.330000E+01  0.390771E+00
 0.340000E+01  0.396273E+00
 0.350000E+01  0.385897E+00
 0.360000E+01  0.371375E+00
 0.370000E+01  0.366721E+00
 0.380000E+01  0.352145E+00
 0.390000E+01  0.353172E+00
 0.400000E+01  0.341036E+00
 0.410000E+01  0.344097E+00
 0.420000E+01  0.345484E+00
 0.430000E+01  0.334922E+00
 0.440000E+01  0.320116E+00
 0.450000E+01  0.327923E+00
 0.460000E+01  0.318040E+00
 0.470000E+01  0.325882E+00
 0.480000E+01  0.305941E+00
 0.490000E+01  0.324502E+00
 0.500000E+01  0.314903E+00
 0.510000E+01  0.307402E+00
 0.520000E+01  0.312658E+00
 0.530000E+01  0.303666E+00
 0.540000E+01  0.296550E+00
 0.550000E+01  0.298063E+00
 0.560000E+01  0.311873E+00
 0.570000E+01  0.303908E+00
 0.580000E+01  0.295321E+00
 0.590000E+01  0.300288E+00
 0.600000E+01  0.295344E+00
 0.610000E+01  0.294813E+00
 0.620000E+01  0.297585E+00
 0.630000E+01  0.289146E+00
 0.640000E+01  0.292719E+00
 0.650000E+01  0.290295E+00
 0.660000E+01  0.286761E+00
 0.670000E+01  0.286618E+00
 0.680000E+01  0.290828E+00
 0.690000E+01  0.283544E+00
 0.700000E+01  0.290070E+00
 0.710000E+01  0.291442E+00
 0.720000E+01  0.279072E+00
 0.730000E+01  0.291540E+00
 0.740000E+01  0.280576E+00
 0.750000E+01  0.284157E+00
 0.760000E+01  0.287590E+00
 0.770000E+01  0.289904E+00
 0.780000E+01  0.287787E+00
 0.790000E+01  0.289155E+00
 0.800000E+01  0.287505E+00
 0.810000E+01  0.282174E+00
 0.820000E+01  0.284969E+00
 0.830000E+01  0.280669E+00
 0.840000E+01  0.285933E+00
 0.850000E+01  0.274091E+00
 0.860000E+01  0.288839E+00
 0.870000E+01  0.285854E+00
 0.880000E+01  0.281015E+00
 0.890000E+01  0.279571E+00
 0.900000E+01  0.278280E+00
 0.910000E+01  0.275542E+00
 0.920000E+01  0.272832E+00
 0.930000E+01  0.281691E+00
 0.940000E+01  0.276090E+00
 0.950000E+01  0.278184E+00
 0.960000E+01  0.286076E+00
 0.970000E+01  0.279751E+00
 0.980000E+01  0.279103E+00
 0.990000E+01  0.273889E+00
 0.100000E+02  0.273277E+00
 # shift:  0.720000000000000     
 0.100000E+00  0.902921E+00
 0.200000E+00  0.783408E+00
 0.300000E+00  0.112487E+01
 0.400000E+00  0.135710E+01
 0.500000E+00  0.124772E+01
 0.600000E+00  0.108111E+01
 0.700000E+00  0.945823E+00
 0.800000E+00  0.829803E+00
 0.900000E+00  0.758695E+00
 0.100000E+01  0.696989E+00
 0.110000E+01  0.628000E+00
 0.120000E+01  0.594343E+00
 0.130000E+01  0.524677E+00
 0.140000E+01  0.499060E+00
 0.150000E+01  0.452085E+00
 0.160000E+01  0.412041E+00
 0.170000E+01  0.397851E+00
 0.180000E+01  0.363797E+00
 0.190000E+01  0.346554E+00
 0.200000E+01  0.344676E+00
 0.210000E+01  0.328259E+00
 0.220000E+01  0.308514E+00
 0.230000E+01  0.290380E+00
 0.240000E+01  0.276449E+00
 0.250000E+01  0.263278E+00
 0.260000E+01  0.254050E+00
 0.270000E+01  0.248110E+00
 0.280000E+01  0.237132E+00
 0.290000E+01  0.237287E+00
 0.300000E+01  0.228484E+00
 0.310000E+01  0.223208E+00
 0.320000E+01  0.216305E+00
 0.330000E+01  0.211947E+00
 0.340000E+01  0.201805E+00
 0.350000E+01  0.204223E+00
 0.360000E+01  0.200917E+00
 0.370000E+01  0.199877E+00
 0.380000E+01  0.190441E+00
 0.390000E+01  0.182939E+00
 0.400000E+01  0.185085E+00
 0.410000E+01  0.183238E+00
 0.420000E+01  0.174061E+00
 0.430000E+01  0.180804E+00
 0.440000E+01  0.175333E+00
 0.450000E+01  0.176836E+00
 0.460000E+01  0.173213E+00
 0.470000E+01  0.170829E+00
 0.480000E+01  0.168899E+00
 0.490000E+01  0.166018E+00
 0.500000E+01  0.165058E+00
 0.510000E+01  0.165699E+00
 0.520000E+01  0.163188E+00
 0.530000E+01  0.160204E+00
 0.540000E+01  0.163545E+00
 0.550000E+01  0.161099E+00
 0.560000E+01  0.159857E+00
 0.570000E+01  0.156378E+00
 0.580000E+01  0.156013E+00
 0.590000E+01  0.159655E+00
 0.600000E+01  0.160780E+00
 0.610000E+01  0.155413E+00
 0.620000E+01  0.152168E+00
 0.630000E+01  0.155828E+00
 0.640000E+01  0.156018E+00
 0.650000E+01  0.154381E+00
 0.660000E+01  0.152527E+00
 0.670000E+01  0.152863E+00
 0.680000E+01  0.152634E+00
 0.690000E+01  0.151436E+00
 0.700000E+01  0.150181E+00
 0.710000E+01  0.150010E+00
 0.720000E+01  0.153580E+00
 0.730000E+01  0.149467E+00
 0.740000E+01  0.151509E+00
 0.750000E+01  0.155547E+00
 0.760000E+01  0.151990E+00
 0.770000E+01  0.150775E+00
 0.780000E+01  0.152588E+00
 0.790000E+01  0.152821E+00
 0.800000E+01  0.151176E+00
 0.810000E+01  0.152451E+00
 0.820000E+01  0.154506E+00
 0.830000E+01  0.146680E+00
 0.840000E+01  0.148139E+00
 0.850000E+01  0.145734E+00
 0.860000E+01  0.147203E+00
 0.870000E+01  0.144218E+00
 0.880000E+01  0.145392E+00
 0.890000E+01  0.145117E+00
 0.900000E+01  0.147971E+00
 0.910000E+01  0.146111E+00
 0.920000E+01  0.145100E+00
 0.930000E+01  0.145988E+00
 0.940000E+01  0.150342E+00
 0.950000E+01  0.142815E+00
 0.960000E+01  0.143497E+00
 0.970000E+01  0.145750E+00
 0.980000E+01  0.144644E+00
 0.990000E+01  0.145556E+00
 0.100000E+02  0.143059E+00
 # shift:  0.760000000000000     
 0.100000E+00  0.554504E+00
 0.200000E+00  0.455823E+00
 0.300000E+00  0.676338E+00
 0.400000E+00  0.790473E+00
 0.500000E+00  0.713576E+00
 0.600000E+00  0.614377E+00
 0.700000E+00  0.534535E+00
 0.800000E+00  0.459697E+00
 0.900000E+00  0.410855E+00
 0.100000E+01  0.371229E+00
 0.110000E+01  0.339646E+00
 0.120000E+01  0.306169E+00
 0.130000E+01  0.277286E+00
 0.140000E+01  0.254234E+00
 0.150000E+01  0.234726E+00
 0.160000E+01  0.216490E+00
 0.170000E+01  0.204869E+00
 0.180000E+01  0.193188E+00
 0.190000E+01  0.176229E+00
 0.200000E+01  0.164877E+00
 0.210000E+01  0.161437E+00
 0.220000E+01  0.151611E+00
 0.230000E+01  0.140410E+00
 0.240000E+01  0.135642E+00
 0.250000E+01  0.127743E+00
 0.260000E+01  0.123473E+00
 0.270000E+01  0.120015E+00
 0.280000E+01  0.114364E+00
 0.290000E+01  0.111653E+00
 0.300000E+01  0.109793E+00
 0.310000E+01  0.107827E+00
 0.320000E+01  0.101194E+00
 0.330000E+01  0.983324E-01
 0.340000E+01  0.979039E-01
 0.350000E+01  0.982673E-01
 0.360000E+01  0.936050E-01
 0.370000E+01  0.939371E-01
 0.380000E+01  0.915938E-01
 0.390000E+01  0.881715E-01
 0.400000E+01  0.860789E-01
 0.410000E+01  0.870867E-01
 0.420000E+01  0.848037E-01
 0.430000E+01  0.850416E-01
 0.440000E+01  0.791523E-01
 0.450000E+01  0.802887E-01
 0.460000E+01  0.840899E-01
 0.470000E+01  0.776171E-01
 0.480000E+01  0.783101E-01
 0.490000E+01  0.810736E-01
 0.500000E+01  0.770928E-01
 0.510000E+01  0.767841E-01
 0.520000E+01  0.754181E-01
 0.530000E+01  0.747854E-01
 0.540000E+01  0.756061E-01
 0.550000E+01  0.763364E-01
 0.560000E+01  0.786150E-01
 0.570000E+01  0.749592E-01
 0.580000E+01  0.709159E-01
 0.590000E+01  0.743786E-01
 0.600000E+01  0.749294E-01
 0.610000E+01  0.749554E-01
 0.620000E+01  0.703971E-01
 0.630000E+01  0.709472E-01
 0.640000E+01  0.731001E-01
 0.650000E+01  0.723128E-01
 0.660000E+01  0.701729E-01
 0.670000E+01  0.694253E-01
 0.680000E+01  0.715726E-01
 0.690000E+01  0.699132E-01
 0.700000E+01  0.711707E-01
 0.710000E+01  0.707116E-01
 0.720000E+01  0.684351E-01
 0.730000E+01  0.695771E-01
 0.740000E+01  0.709624E-01
 0.750000E+01  0.716445E-01
 0.760000E+01  0.693045E-01
 0.770000E+01  0.710972E-01
 0.780000E+01  0.700450E-01
 0.790000E+01  0.679974E-01
 0.800000E+01  0.703524E-01
 0.810000E+01  0.694503E-01
 0.820000E+01  0.674820E-01
 0.830000E+01  0.689521E-01
 0.840000E+01  0.672460E-01
 0.850000E+01  0.678463E-01
 0.860000E+01  0.666754E-01
 0.870000E+01  0.679092E-01
 0.880000E+01  0.674181E-01
 0.890000E+01  0.687270E-01
 0.900000E+01  0.655623E-01
 0.910000E+01  0.676509E-01
 0.920000E+01  0.662535E-01
 0.930000E+01  0.677950E-01
 0.940000E+01  0.689469E-01
 0.950000E+01  0.696740E-01
 0.960000E+01  0.671153E-01
 0.970000E+01  0.662114E-01
 0.980000E+01  0.677090E-01
 0.990000E+01  0.692015E-01
 0.100000E+02  0.675515E-01
 # shift:  0.800000000000000     
 0.100000E+00  0.294642E+00
 0.200000E+00  0.224194E+00
 0.300000E+00  0.325896E+00
 0.400000E+00  0.395659E+00
 0.500000E+00  0.354977E+00
 0.600000E+00  0.291854E+00
 0.700000E+00  0.253087E+00
 0.800000E+00  0.211753E+00
 0.900000E+00  0.184597E+00
 0.100000E+01  0.169674E+00
 0.110000E+01  0.151096E+00
 0.120000E+01  0.136261E+00
 0.130000E+01  0.124763E+00
 0.140000E+01  0.110544E+00
 0.150000E+01  0.102240E+00
 0.160000E+01  0.931382E-01
 0.170000E+01  0.847560E-01
 0.180000E+01  0.792411E-01
 0.190000E+01  0.739826E-01
 0.200000E+01  0.691104E-01
 0.210000E+01  0.671898E-01
 0.220000E+01  0.607631E-01
 0.230000E+01  0.581511E-01
 0.240000E+01  0.552081E-01
 0.250000E+01  0.512086E-01
 0.260000E+01  0.518686E-01
 0.270000E+01  0.476506E-01
 0.280000E+01  0.463695E-01
 0.290000E+01  0.438284E-01
 0.300000E+01  0.431857E-01
 0.310000E+01  0.426226E-01
 0.320000E+01  0.397768E-01
 0.330000E+01  0.397079E-01
 0.340000E+01  0.395088E-01
 0.350000E+01  0.376527E-01
 0.360000E+01  0.373567E-01
 0.370000E+01  0.354790E-01
 0.380000E+01  0.341990E-01
 0.390000E+01  0.345778E-01
 0.400000E+01  0.335348E-01
 0.410000E+01  0.341445E-01
 0.420000E+01  0.333615E-01
 0.430000E+01  0.335530E-01
 0.440000E+01  0.312142E-01
 0.450000E+01  0.321710E-01
 0.460000E+01  0.326808E-01
 0.470000E+01  0.311845E-01
 0.480000E+01  0.305582E-01
 0.490000E+01  0.293805E-01
 0.500000E+01  0.300116E-01
 0.510000E+01  0.301399E-01
 0.520000E+01  0.289348E-01
 0.530000E+01  0.296537E-01
 0.540000E+01  0.302654E-01
 0.550000E+01  0.290854E-01
 0.560000E+01  0.287260E-01
 0.570000E+01  0.286341E-01
 0.580000E+01  0.283911E-01
 0.590000E+01  0.279415E-01
 0.600000E+01  0.292269E-01
 0.610000E+01  0.286706E-01
 0.620000E+01  0.274367E-01
 0.630000E+01  0.282183E-01
 0.640000E+01  0.281059E-01
 0.650000E+01  0.280921E-01
 0.660000E+01  0.270918E-01
 0.670000E+01  0.272764E-01
 0.680000E+01  0.283675E-01
 0.690000E+01  0.270421E-01
 0.700000E+01  0.272328E-01
 0.710000E+01  0.266965E-01
 0.720000E+01  0.275262E-01
 0.730000E+01  0.263320E-01
 0.740000E+01  0.268557E-01
 0.750000E+01  0.265017E-01
 0.760000E+01  0.260290E-01
 0.770000E+01  0.270317E-01
 0.780000E+01  0.271820E-01
 0.790000E+01  0.268064E-01
 0.800000E+01  0.271353E-01
 0.810000E+01  0.272719E-01
 0.820000E+01  0.269932E-01
 0.830000E+01  0.257680E-01
 0.840000E+01  0.262236E-01
 0.850000E+01  0.257513E-01
 0.860000E+01  0.257625E-01
 0.870000E+01  0.262355E-01
 0.880000E+01  0.262991E-01
 0.890000E+01  0.255684E-01
 0.900000E+01  0.256874E-01
 0.910000E+01  0.266140E-01
 0.920000E+01  0.258267E-01
 0.930000E+01  0.260146E-01
 0.940000E+01  0.260361E-01
 0.950000E+01  0.258428E-01
 0.960000E+01  0.254864E-01
 0.970000E+01  0.256119E-01
 0.980000E+01  0.252934E-01
 0.990000E+01  0.262421E-01
 0.100000E+02  0.258111E-01
