 FILE_NAME
 REACTION
 BEAM_MASS TARGET_MASS THRESHOLD FINAL_STATE_MULTIPLICITY
 NUMBER_OF_DATA_POINTS
 POINT_NUMBER PLAB(GEV/C) PLAB_MIN PLAB_MAX SIG(MB) STA_ERR+ STA_ERR- SY_ER+(PCT) SY_ER-(PCT) REFERENCE FLAG
  FORMAT(I5,1X,4F11.5,2F8.4,1X,2F6.1,A)
 -------------------------------------------------------------------------------------------------------
 KPN_TOTAL.DAT
 K+ N --> X
 0.493680    0.939570      0.            0
  99
 1    0.77000    0.77000    0.77000    15.500     1.1000  1.1000     1.9  1.9  COOK 61          PRL 7, 182
 2    0.88800    0.87912    0.89688    16.850     0.52000 0.52000    4.0  4.0  COOL 70          PR D1, 1887
 3    0.93900    0.92961    0.94839    17.600     0.45000 0.45000    4.0  4.0  COOL 70          PR D1, 1887
 4    0.97000    0.97000    0.97000    17.800     0.80000 0.80000    1.7  1.7  COOK 61          PRL 7, 182
 5    0.98900    0.97911    0.99889    18.530     0.36000 0.36000    4.0  4.0  COOL 70          PR D1, 1887
 6    1.04000    1.02960    1.05040    18.910     0.35000 0.35000    4.0  4.0  COOL 70          PR D1, 1887
 7    1.09100    1.08009    1.10191    20.610     0.35000 0.35000    4.0  4.0  COOL 70          PR D1, 1887
 8    1.14100    1.12959    1.15241    21.250     0.21000 0.21000    4.0  4.0  COOL 70          PR D1, 1887
 9    1.17000    1.17000    1.17000    18.200     0.80000 0.80000    1.6  1.6  COOK 61          PRL 7, 182
 10   1.19100    1.17909    1.20291    20.870     0.17000 0.17000    4.0  4.0  COOL 70          PR D1, 1887
 11   1.24200    1.22958    1.25442    20.260     0.16000 0.16000    4.0  4.0  COOL 70          PR D1, 1887
 12   1.29200    1.27908    1.30492    19.680     0.15000 0.15000    4.0  4.0  COOL 70          PR D1, 1887
 13   1.30000    1.30000    1.30000    18.500     1.1000  1.1000     1.6  1.6  COOK 61          PRL 7, 182
 14   1.34200    1.32858    1.35542    19.320     0.16000 0.16000    4.0  4.0  COOL 70          PR D1, 1887
 15   1.39200    1.37808    1.40592    19.220     0.16000 0.16000    4.0  4.0  COOL 70          PR D1, 1887
 16   1.44000    1.44000    1.44000    18.100     0.90000 0.90000    1.7  1.7  COOK 61          PRL 7, 182
 17   1.44200    1.42758    1.45642    19.070     0.14000 0.14000    4.0  4.0  COOL 70          PR D1, 1887
 18   1.49200    1.47708    1.50692    18.950     0.13000 0.13000    4.0  4.0  COOL 70          PR D1, 1887
 19   1.55000    1.54225    1.55775    18.910     0.16000 0.16000    4.0  4.0  ABRAMS 70        PR D1, 1917
 20   1.59300    1.57707    1.60893    18.790     0.12000 0.12000    4.0  4.0  COOL 70          PR D1, 1887
 21   1.60000    1.59200    1.60800    18.890     0.15000 0.15000    4.0  4.0  ABRAMS 70        PR D1, 1917
 22   1.64300    1.62657    1.65943    18.670     0.10000 0.10000    4.0  4.0  COOL 70          PR D1, 1887
 23   1.69000    1.69000    1.69000    18.500     0.80000 0.80000    1.6  1.6  COOK 61          PRL 7, 182
 24   1.69300    1.67607    1.70993    18.690     8.0E-02 8.0E-02    4.0  4.0  COOL 70          PR D1, 1887
 25   1.70000    1.69150    1.70850    18.830     0.11000 0.11000    4.0  4.0  ABRAMS 70        PR D1, 1917
 26   1.74300    1.72557    1.76043    18.880     8.0E-02 8.0E-02    4.0  4.0  COOL 70          PR D1, 1887
 27   1.75000    1.74125    1.75875    18.860     0.11000 0.11000    4.0  4.0  ABRAMS 70        PR D1, 1917
 28   1.79300    1.77507    1.81093    18.730     8.0E-02 8.0E-02    4.0  4.0  COOL 70          PR D1, 1887
 29   1.80000    1.79100    1.80900    18.530     0.14000 0.14000    4.0  4.0  ABRAMS 70        PR D1, 1917
 30   1.85000    1.84075    1.85925    18.660     0.10000 0.10000    4.0  4.0  ABRAMS 70        PR D1, 1917
 31   1.89300    1.87407    1.91193    18.500     8.0E-02 8.0E-02    4.0  4.0  COOL 70          PR D1, 1887
 32   1.90000    1.89050    1.90950    18.690     0.10000 0.10000    4.0  4.0  ABRAMS 70        PR D1, 1917
 33   1.95000    1.94025    1.95975    18.700     9.0E-02 9.0E-02    4.0  4.0  ABRAMS 70        PR D1, 1917
 34   1.97000    1.97000    1.97000    18.600     0.60000 0.60000    1.6  1.6  COOK 61          PRL 7, 182
 35   1.99300    1.97307    2.01293    18.550     0.11000 0.11000    4.0  4.0  COOL 70          PR D1, 1887
 36   2.00000    1.99000    2.01000    18.790     8.0E-02 8.0E-02    4.0  4.0  ABRAMS 70        PR D1, 1917
 37   2.05000    2.03975    2.06025    18.540     0.10000 0.10000    4.0  4.0  ABRAMS 70        PR D1, 1917
 38   2.09300    2.07207    2.11393    18.670     0.11000 0.11000    4.0  4.0  COOL 70          PR D1, 1887
 39   2.10000    2.08950    2.11050    18.490     0.11000 0.11000    4.0  4.0  ABRAMS 70        PR D1, 1917
 40   2.15000    2.13925    2.16075    18.430     0.10000 0.10000    4.0  4.0  ABRAMS 70        PR D1, 1917
 41   2.19300    2.17107    2.21493    18.400     0.13000 0.13000    4.0  4.0  COOL 70          PR D1, 1887
 42   2.20000    2.18900    2.21100    18.400     0.10000 0.10000    4.0  4.0  ABRAMS 70        PR D1, 1917
 43   2.26000    2.26000    2.26000    17.700     0.80000 0.80000    1.7  1.7  COOK 61          PRL 7, 182
 44   2.30000    2.28850    2.31150    18.270     9.0E-02 9.0E-02    4.0  4.0  ABRAMS 70        PR D1, 1917
 45   2.35000    2.33825    2.36175    18.260     7.0E-02 7.0E-02    4.0  4.0  ABRAMS 70        PR D1, 1917
 46   2.39300    2.36907    2.41693    18.630     0.11000 0.11000    4.0  4.0  COOL 70          PR D1, 1887
 47   2.40000    2.38800    2.41200    18.090     8.0E-02 8.0E-02    4.0  4.0  ABRAMS 70        PR D1, 1917
 48   2.45000    2.43775    2.46225    18.250     6.0E-02 6.0E-02    4.0  4.0  ABRAMS 70        PR D1, 1917
 49   2.50000    2.48750    2.51250    18.110     8.0E-02 8.0E-02    4.0  4.0  ABRAMS 70        PR D1, 1917
 50   2.55000    2.55000    2.55000    17.100     0.80000 0.80000    1.7  1.7  COOK 61          PRL 7, 182
 51   2.55000    2.53725    2.56275    18.170     6.0E-02 6.0E-02    4.0  4.0  ABRAMS 70        PR D1, 1917
 52   2.60000    2.58700    2.61300    18.090     6.0E-02 6.0E-02    4.0  4.0  ABRAMS 70        PR D1, 1917
 53   2.65000    2.63675    2.66325    18.020     6.0E-02 6.0E-02    4.0  4.0  ABRAMS 70        PR D1, 1917
 54   2.70000    2.68650    2.71350    18.110     6.0E-02 6.0E-02    4.0  4.0  ABRAMS 70        PR D1, 1917
 55   2.75000    2.73625    2.76375    18.060     6.0E-02 6.0E-02    4.0  4.0  ABRAMS 70        PR D1, 1917
 56   2.80000    2.78600    2.81400    18.010     6.0E-02 6.0E-02    4.0  4.0  ABRAMS 70        PR D1, 1917
 57   2.83000    2.83000    2.83000    17.500     0.90000 0.90000    1.7  1.7  COOK 61          PRL 7, 182
 58   2.85000    2.83575    2.86425    17.950     6.0E-02 6.0E-02    4.0  4.0  ABRAMS 70        PR D1, 1917
 59   2.90000    2.88550    2.91450    17.850     5.0E-02 5.0E-02    4.0  4.0  ABRAMS 70        PR D1, 1917
 60   2.95000    2.93525    2.96475    17.810     6.0E-02 6.0E-02    4.0  4.0  ABRAMS 70        PR D1, 1917
 61   3.00000    2.98500    3.01500    17.810     6.0E-02 6.0E-02    4.0  4.0  ABRAMS 70        PR D1, 1917
 62   3.05000    3.03475    3.06525    17.830     6.0E-02 6.0E-02    4.0  4.0  ABRAMS 70        PR D1, 1917
 63   3.10000    3.08450    3.11550    17.850     6.0E-02 6.0E-02    4.0  4.0  ABRAMS 70        PR D1, 1917
 64   3.15000    3.13425    3.16575    17.610     6.0E-02 6.0E-02    4.0  4.0  ABRAMS 70        PR D1, 1917
 65   3.20000    3.18400    3.21600    17.610     5.0E-02 5.0E-02    4.0  4.0  ABRAMS 70        PR D1, 1917
 66   3.25000    3.23375    3.26625    17.660     5.0E-02 5.0E-02    4.0  4.0  ABRAMS 70        PR D1, 1917
 67   3.30000    3.28350    3.31650    17.550     5.0E-02 5.0E-02    4.0  4.0  ABRAMS 70        PR D1, 1917
 68   6.00000    5.89800    6.10200    17.500     0.40000 0.40000    1.4  1.4  GALBRAITH 65     PR 138, B913
 69   8.00000    7.86400    8.13600    17.600     0.40000 0.40000    1.4  1.4  GALBRAITH 65     PR 138, B913
 70   10.00000   9.83000    10.17000   17.500     0.40000 0.40000    1.0  1.0  GALBRAITH 65     PR 138, B913
 71   12.00000   11.79600   12.20400   17.600     0.40000 0.40000    1.0  1.0  GALBRAITH 65     PR 138, B913
 72   14.00000   13.76200   14.23800   17.500     0.40000 0.40000    1.0  1.0  GALBRAITH 65     PR 138, B913
 73   15.00000   15.00000   15.00000   17.870     0.23000 0.23000    1.3  1.3  DENISOV 71       PL 36B, 415
 74   16.00000   15.72800   16.27200   17.400     0.40000 0.40000    1.0  1.0  GALBRAITH 65     PR 138, B913
 75   18.00000   17.69400   18.30600   17.600     0.40000 0.40000    1.0  1.0  GALBRAITH 65     PR 138, B913
 76   20.00000   20.00000   20.00000   17.940     0.28000 0.28000    1.3  1.3  DENISOV 71       PL 36B, 415
 77   20.00000   19.66000   20.34000   17.700     0.40000 0.40000    1.0  1.0  GALBRAITH 65     PR 138, B913
 78   25.00000   25.00000   25.00000   17.780     0.18000 0.18000    1.3  1.3  DENISOV 71       PL 36B, 415
 79   30.00000   30.00000   30.00000   17.690     0.18000 0.18000    1.3  1.3  DENISOV 71       PL 36B, 415
 80   35.00000   35.00000   35.00000   18.290     0.15000 0.15000    0.7  0.7  CARROLL 76       PL 61B, 303
 81   35.00000   35.00000   35.00000   18.120     0.18000 0.18000    1.3  1.3  DENISOV 71       PL 36B, 415
 82   40.00000   40.00000   40.00000   18.150     0.22000 0.22000    1.3  1.3  DENISOV 71       PL 36B, 415
 83   45.00000   45.00000   45.00000   18.300     0.24000 0.24000    1.3  1.3  DENISOV 71       PL 36B, 415
 84   50.00000   50.00000   50.00000   18.660     0.14000 0.14000    0.7  0.7  CARROLL 76       PL 61B, 303
 85   50.00000   50.00000   50.00000   18.560     0.18000 0.18000    0.7  0.7  CARROLL 74       PRL 33, 932
 86   50.00000   50.00000   50.00000   18.020     0.20000 0.20000    1.3  1.3  DENISOV 71       PL 36B, 415
 87   55.00000   55.00000   55.00000   18.430     0.24000 0.24000    1.3  1.3  DENISOV 71       PL 36B, 415
 88   70.00000   70.00000   70.00000   18.600     0.14000 0.14000    0.7  0.7  CARROLL 76       PL 61B, 303
 89   100.00000  100.00000  100.00000  19.040     0.11000 0.11000    0.7  0.7  CARROLL 76       PL 61B, 303
 90   100.00000  100.00000  100.00000  18.990     0.15000 0.15000    0.7  0.7  CARROLL 74       PRL 33, 932
 91   120.00000  120.00000  120.00000  19.230     0.13000 0.13000    0.7  0.7  CARROLL 76       PL 61B, 303
 92   150.00000  150.00000  150.00000  19.630     0.12000 0.12000    0.7  0.7  CARROLL 76       PL 61B, 303
 93   150.00000  150.00000  150.00000  19.550     0.15000 0.15000    0.7  0.7  CARROLL 74       PRL 33, 932
 94   170.00000  170.00000  170.00000  19.740     0.10000 0.10000    0.7  0.7  CARROLL 76       PL 61B, 303
 95   200.00000  200.00000  200.00000  19.720     0.11000 0.11000    0.7  0.7  CARROLL 79       PL 80B, 423
 96   200.00000  200.00000  200.00000  19.820     0.19000 0.19000    0.7  0.7  CARROLL 74       PRL 33, 932
 97   240.00000  240.00000  240.00000  20.370     9.0E-02 9.0E-02    0.7  0.7  CARROLL 79       PL 80B, 423
 98   280.00000  280.00000  280.00000  20.610     0.10000 0.10000    0.7  0.7  CARROLL 79       PL 80B, 423
 99   310.00000  310.00000  310.00000  20.800     0.26000 0.26000    0.7  0.7  CARROLL 79       PL 80B, 423
