-----------------------------------------------------------------------
 8*8         I= 0   Y= 0      1          8        10,10*       27
-----------------------------------------------------------------------
 0 0 0 0                    0.125      0.2        0.0        0.675
 1 0 1 0                    0.375      0.6        0.0        0.025
 5 1 5-1                    0.25       0.6        0.0        0.15
 1 0 0 0                    0.0        0.0        0.0        0.0
-----------------------------------------------------------------------
                            0.75       1.4        0.0        0.85
-----------------------------------------------------------------------
-----------------------------------------------------------------------
 8*8         I= 1   Y= 0      1          8        10,10*       27
-----------------------------------------------------------------------
 0 0 0 0                    0.0        0.0        0.0        0.0
 1 0 1 0                    0.0        0.666666   0.166666   0.0
 5 1 5-1                    0.0        0.466666   0.166666   0.2
 1 0 0 0                    0.0        0.2        0.25       0.3
-----------------------------------------------------------------------
                            0.0        1.333333   0.583333   0.5
-----------------------------------------------------------------------
-----------------------------------------------------------------------
 8*8*8       I= 0   Y= 0      1          8        10,10*       27
-----------------------------------------------------------------------
 0 0 5-1 5 1                0.450000   2.400000   0.0        2.635713
 1 0 5-1 5 1                1.050000   3.200000   0.0        1.692858
 1 0 1 0 1 0                0.250000   0.600000   0.0        0.150000
 0 0 0 0 0 0                0.025000   0.300000   0.0        0.289286
 1 0 1 0 0 0                0.225000   1.500000   0.0        1.232143
 0 0 0 0 1 0                0.0        0.0        0.0        0.0
-----------------------------------------------------------------------
                            2.0        8.0        0.0        6.0
-----------------------------------------------------------------------
-----------------------------------------------------------------------
 8*8*8       I= 1   Y= 0      1          8        10,10*       27
-----------------------------------------------------------------------
 0 0 5-1 5 1                0.0        1.066667   0.833334   1.457142
 1 0 5-1 5 1                0.0        4.355555   1.944444   2.485704
 1 0 1 0 1 0                0.0        1.477778   0.472222   0.514286
 0 0 0 0 0 0                0.0        0.0        0.0        0.0
 1 0 1 0 0 0                0.0        0.600000   0.500000   0.900000
 0 0 0 0 1 0                0.0        0.500000   0.250000   0.642858
-----------------------------------------------------------------------
                            0.0        8.0        4.0        6.0
-----------------------------------------------------------------------
-----------------------------------------------------------------------
 8*8*8*8     I= 0   Y= 0      1          8        10,10*       27
-----------------------------------------------------------------------
 1 0 1 0 5-1 5 1            3.266667  11.219048   0.0        8.078571
 1 0 0 0 0 0 0 0            0.0        0.0        0.0        0.0
 0 0 0 0 0 0 0 0            0.037500   0.142857   0.0        0.361607
 0 0 0 0 1 0 1 0            0.375000   1.542857   0.0        2.608929
 0 0 0 0 5-1 5 1            0.600000   2.914286   0.0        4.692857
 1 0 0 0 5-1 5 1            1.600000   8.114286   0.0       10.242857
 1 0 1 0 1 0 0 0            0.300000   1.600000   0.0        1.757143
 5-1 5-1 5 1 5 1            1.266667   4.876190   0.0        4.457143
 1 0 1 0 1 0 1 0            0.554167   1.590476   0.0        0.800893
-----------------------------------------------------------------------
                            8.0       32.0        0.0       33.0
-----------------------------------------------------------------------
-----------------------------------------------------------------------
 8*8*8*8     I= 1   Y= 0      1          8        10,10*       27
-----------------------------------------------------------------------
 1 0 1 0 5-1 5 1            0.0       13.619048   7.142857   10.473214
 1 0 0 0 0 0 0 0            0.0        0.342857   0.357143    0.634821
 0 0 0 0 0 0 0 0            0.0        0.0        0.0         0.0
 0 0 0 0 1 0 1 0            0.0        0.800000   0.571429    1.092857
 0 0 0 0 5-1 5 1            0.0        1.352381   1.047619    2.126786
 1 0 0 0 5-1 5 1            0.0        7.479365   5.777778   10.617837
 1 0 1 0 1 0 0 0            0.0        2.120635   1.722222    2.965179
 5-1 5-1 5 1 5 1            0.0        4.063492   2.412698    3.910714
 1 0 1 0 1 0 1 0            0.0        2.222222   0.968254    1.178571
-----------------------------------------------------------------------
                            0.0       32.0       20.0       33.0
-----------------------------------------------------------------------
-----------------------------------------------------------------------
 8*8*8*8*8   I= 0   Y= 0      1          8        10,10*       27
-----------------------------------------------------------------------
 1 0 1 0 1 0 1 0 1 0        0.833333   2.809524   0.0        1.982143
 1 0 1 0 1 0 1 0 0 0        0.994048   5.162202   0.0        6.348214
 1 0 1 0 1 0 5 1 5-1        8.511905  32.559524   0.0       29.550571
 1 0 1 0 1 0 0 0 0 0        0.500000   2.428571   0.0        3.919714
 1 0 1 0 5 1 5-1 0 0        7.011905  35.630952   0.0       48.803571
 1 0 1 0 0 0 0 0 0 0        0.321429   2.008929   0.0        3.303571
 1 0 5 1 5-1 5 1 5-1        7.619048  31.880952   0.0       34.428571
 1 0 5 1 5-1 0 0 0 0        2.535714  13.178571   0.0       21.910714
 1 0 0 0 0 0 0 0 0 0        0.0        0.0        0.0        0.0
 0 0 5 1 5-1 5 1 5-1        3.047619  15.666667   0.0       23.142857
 5 1 5-1 0 0 0 0 0 0        0.607143   3.535714   0.0        6.375000
 0 0 0 0 0 0 0 0 0 0        0.017857   0.138393   0.0        0.241071
-----------------------------------------------------------------------
                           32.0      145.0        0.0      180.0
-----------------------------------------------------------------------
-----------------------------------------------------------------------
 8*8*8*8*8   I= 1   Y= 0      1          8        10,10*       27
-----------------------------------------------------------------------
 1 0 1 0 1 0 1 0 1 0        0.0        4.358631   2.217262   3.212054
 1 0 1 0 1 0 1 0 0 0        0.0        4.682540   3.635913   6.696429
 1 0 1 0 1 0 5 1 5-1        0.0       41.289683  24.186508  38.593750
 1 0 1 0 1 0 0 0 0 0        0.0        3.441468   2.594246   5.303571
 1 0 1 0 5 1 5-1 0 0        0.0       32.559524  25.357143  48.147321
 1 0 1 0 0 0 0 0 0 0        0.0        0.809524   0.729167   1.526786
 1 0 5 1 5-1 5 1 5-1        0.0       33.555556  21.646825  37.089286
 1 0 5 1 5-1 0 0 0 0        0.0       11.876984   9.623016  19.593750
 1 0 0 0 0 0 0 0 0 0        0.0        0.334821   0.267857   0.636161
 0 0 5 1 5-1 5 1 5-1        0.0       10.626984   8.432540  16.446429
 5 1 5-1 0 0 0 0 0 0        0.0        1.464286   1.309524   2.754464
 0 0 0 0 0 0 0 0 0 0        0.0        0.0        0.0        0.0
-----------------------------------------------------------------------
                            0.0      145.0      100.0      180.0
-----------------------------------------------------------------------
-----------------------------------------------------------------------
 8*8*8*8*8*8 I= 0   Y= 0      1          8        10,10*       27
-----------------------------------------------------------------------
 1 0 1 0 1 0 1 0 1 0 1 0   23.223446  96.133929   0.0      102.408482
 1 0 1 0 1 0 1 0 1 0 0 0   24.419643 125.607143   0.0      185.116071
 5 1 5-1 1 0 1 0 1 0 1 0   13.361607  71.696429   0.0      123.549107  
 1 0 1 0 1 0 1 0 0 0 0 0    3.294643  19.107143   0.0       36.026786   
 1 0 1 0 1 0 5 1 5-1 0 0    0.662946   3.883929   0.0        7.935268
 1 0 1 0 1 0 0 0 0 0 0 0   37.750000 168.000000   0.0      204.750000
 1 0 5 1 5-1 0 0 0 0 0 0    5.875000  32.428571   0.0       58.017857
 1 0 1 0 5 1 5 1 5-1 5-1   23.916714 125.285714   0.0      196.767857
 0 0 0 0 5 1 5 1 5-1 5-1    5.821429  27.380932   0.0       36.964286
 1 0 0 0 5 1 5 1 5-1 5-1    1.634487   6.132440   0.0        5.452567
 1 0 1 0 0 0 0 0 0 0 0 0    2.107143  10.750000   0.0       14.625000 
 1 0 0 0 0 0 0 0 0 0 0 0    0.376674   2.075893   0.0        4.277344
 5 1 5 1 5 1 5-1 5-1 5-1    1.935826   9.888393   0.0       16.508371
 5 1 5 1 5-1 5-1 0 0 0 0    0.607143   3.535714   0.0        6.375000 
 5 1 5-1 0 0 0 0 0 0 0 0    0.0        0.0        0.0        0.0
 0 0 0 0 0 0 0 0 0 0 0 0    0.017299   0.093750   0.0        0.226004
-----------------------------------------------------------------------
                          145.0      702.0        0.0      999.0
-----------------------------------------------------------------------
-----------------------------------------------------------------------
 8*8*8*8*8*8 I= 1   Y= 0      1          8        10,10*       27
-----------------------------------------------------------------------
 1 0 1 0 1 0 1 0 1 0 1 0    0.0      118.874008  75.939980 129.274553
 1 0 1 0 1 0 1 0 1 0 0 0    0.0      128.178571 101.696429 197.973214
 5 1 5-1 1 0 1 0 1 0 1 0    0.0       62.803571  52.633929 108.763393
 1 0 1 0 1 0 1 0 0 0 0 0    0.0       15.932540  14.335317  30.669643
 1 0 1 0 1 0 5 1 5-1 0 0    0.0        1.592262   1.465774   3.247768
 1 0 1 0 1 0 0 0 0 0 0 0    0.0      182.833333 126.011905 226.540179
 1 0 5 1 5-1 0 0 0 0 0 0    0.0       20.880952  17.976190  37.727679
 1 0 1 0 5 1 5 1 5-1 5-1    0.0      112.0       90.892857 181.232143
 0 0 0 0 5 1 5 1 5-1 5-1    0.0       23.730159  17.341270  32.517857
 1 0 0 0 5 1 5 1 5-1 5-1    0.0        8.395833   4.840030   7.633929
 1 0 1 0 0 0 0 0 0 0 0 0    0.0       12.264881   9.594494  18.137277
 1 0 0 0 0 0 0 0 0 0 0 0    0.0        0.883929   0.792411   1.727679
 5 1 5 1 5 1 5-1 5-1 5-1    0.0        8.958333   7.224702  14.665179
 5 1 5 1 5-1 5-1 0 0 0 0    0.0        4.394841   3.975694   8.296875
 5 1 5-1 0 0 0 0 0 0 0 0    0.0        0.276786   0.279018   0.592634
 0 0 0 0 0 0 0 0 0 0 0 0    0.0        0.0        0.0        0.0
-----------------------------------------------------------------------
                            0.0      702.0      525.0      999.0
-----------------------------------------------------------------------
 
