-----------------------------------------------------------------------
 8*8         I= 1/2 Y= 1      8         10         10*         27
-----------------------------------------------------------------------
 5 1 1 0                    0.7        0.0        0.25       0.05 
 5 1 0 0                    0.3        0.0        0.25       0.45 
-----------------------------------------------------------------------
                            1.0        0.0        0.5        0.5 
-----------------------------------------------------------------------
-----------------------------------------------------------------------
 8*8         I= 3/2 Y= 1      8         10         10*         27
-----------------------------------------------------------------------
 5 1 1 0                    0.0        0.5        0.0        0.5
 5 1 0 0                    0.0        0.0        0.0        0.0  
-----------------------------------------------------------------------
                            0.0        0.5        0.0        0.5
-----------------------------------------------------------------------
-----------------------------------------------------------------------
 8*8*8       I= 1/2 Y= 1      8         10         10*         27
-----------------------------------------------------------------------
 1 0 1 0 5 1                3.266667   0.0        1.208333   1.355357
 5-1 5 1 5 1                2.533333   0.0        1.166667   1.692857
 1 0 5 1 0 0                1.600000   0.0        1.250000   2.132143
 5 1 0 0 0 0                0.600000   0.0        0.375000   0.819643
-----------------------------------------------------------------------
                            8.0        0.0        4.0        6.0
-----------------------------------------------------------------------
-----------------------------------------------------------------------
 8*8*8       I= 3/2 Y= 1      8         10         10*         27
-----------------------------------------------------------------------
 1 0 1 0 5 1                0.0        2.166667   0.0        2.785714
 5-1 5 1 5 1                0.0        0.833333   0.0        1.178571
 1 0 5 1 0 0                0.0        1.000000   0.0        2.035714
 5 1 0 0 0 0                0.0        0.000000   0.0        0.000000
-----------------------------------------------------------------------
                            0.0        4.0        0.0        6.0
-----------------------------------------------------------------------
-----------------------------------------------------------------------
 8*8*8*8     I= 1/2 Y= 1      8         10         10*         27
-----------------------------------------------------------------------
 1 0 1 0 1 0 5 1            6.809524   0.0        3.333333   4.098214
 1 0 1 0 5 1 0 0            5.609524   0.0        4.190476   7.816071
 1 0 5-1 5 1 5 1           12.190476   0.0        6.809524  10.178571
 1 0 5 1 0 0 0 0            2.028571   0.0        1.571429   2.962500
 5-1 5 1 5 1 0 0            4.876190   0.0        3.666667   7.028571
 5 1 0 0 0 0 0 0            0.485714   0.0        0.428571   0.916071
-----------------------------------------------------------------------
                           32.0        0.0       20.0       33.0
-----------------------------------------------------------------------
-----------------------------------------------------------------------
 8*8*8*8     I= 3/2 Y= 1      8         10         10*         27
-----------------------------------------------------------------------
 1 0 1 0 1 0 5 1            0.000000   5.630952   0.0        8.059821
 1 0 1 0 5 1 0 0            0.000000   3.523810   0.0        6.980357
 1 0 5-1 5 1 5 1            0.000000   7.976190   0.0       12.508929
 1 0 5 1 0 0 0 0            0.000000   1.321429   0.0        2.456250
 5-1 5 1 5 1 0 0            0.000000   1.547619   0.0        2.994643
 5 1 0 0 0 0 0 0            0.000000   0.000000   0.0        0.000000
-----------------------------------------------------------------------
                            0.0       20.0        0.0       33.0
-----------------------------------------------------------------------
-----------------------------------------------------------------------
 8*8*8*8*8   I= 1/2 Y= 1      8         10         10*         27
-----------------------------------------------------------------------
 1 0 1 0 1 0 1 0 5 1       15.483631   0.0        8.489583  12.511161
 1 0 1 0 1 0 5 1 0 0       16.279762   0.0       12.470238  23.169643
 1 0 1 0 5-1 5 1 5 1       50.333333   0.0       30.863095  50.455357
 1 0 1 0 5 1 0 0 0 0        8.907738   0.0        6.994048  14.276786
 1 0 5-1 5 1 5 1 0 0       31.880952   0.0       24.761905  47.732143
 1 0 5 1 0 0 0 0 0 0        2.196429   0.0        1.964286   4.053571
 5-1 5-1 5 1 5 1 5 1       11.642857   0.0        7.678571  13.625000
 5-1 5 1 5 1 0 0 0 0        7.833333   0.0        6.398810  13.312500
 5 1 0 0 0 0 0 0 0 0        0.441964   0.0        0.379464   0.863839
-----------------------------------------------------------------------
                          145.0        0.0      100.0      180.0
-----------------------------------------------------------------------
-----------------------------------------------------------------------
 8*8*8*8*8   I= 3/2 Y= 1      8         10         10*         27
-----------------------------------------------------------------------
 1 0 1 0 1 0 1 0 5 1        0.000000  13.430060   0.0       21.102679
 1 0 1 0 1 0 5 1 0 0        0.000000  12.886905   0.0       25.319196
 1 0 1 0 5-1 5 1 5 1        0.000000  37.931548   0.0       63.848214
 1 0 1 0 5 1 0 0 0 0        0.000000   5.662202   0.0       11.223214
 1 0 5-1 5 1 5 1 0 0        0.000000  20.238095   0.0       39.937500
 1 0 5 1 0 0 0 0 0 0        0.000000   1.383929   0.0        2.988839
 5-1 5-1 5 1 5 1 5 1        0.000000   5.982143   0.0       10.544643
 5-1 5 1 5 1 0 0 0 0        0.000000   2.485119   0.0        5.035714
 5 1 0 0 0 0 0 0 0 0        0.000000   0.000000   0.0        0.000000
-----------------------------------------------------------------------
                            0.0      100.0        0.0      180.0
-----------------------------------------------------------------------
-----------------------------------------------------------------------
 8*8*8*8*8*8 I= 1/2 Y= 1      8         10         10*         27
-----------------------------------------------------------------------
 1 0 1 0 1 0 1 0 1 0 5 1   35.662202   0.0       21.781994  34.781250
 1 0 1 0 1 0 1 0 5 1 0 0   48.066964   0.0       37.332589  71.852679
 1 0 1 0 1 0 5-1 5 1 5 1  182.833333   0.0      121.398809 209.839286
 1 0 1 0 1 0 5 1 0 0 0 0   31.401786   0.0       25.959821  52.714286
 1 0 1 0 5-1 5 1 5 1 0 0  168.000000   0.0      133.660714 263.758928
 1 0 1 0 5 1 0 0 0 0 0 0   11.949405   0.0       10.572917  22.767857
 1 0 5-1 5-1 5 1 5 1 5 1  106.785714   0.0       75.535714 138.267857
 1 0 5-1 5 1 5 1 0 0 0 0   62.642857   0.0       53.125000 110.571429
 1 0 5 1 0 0 0 0 0 0 0 0    2.388393   0.0        2.198661   4.754464
 5-1 5-1 5 1 5 1 5 1 0 0   41.071429   0.0       33.392857  67.767857
 5-1 5 1 5 1 0 0 0 0 0 0   10.809524   0.0        9.672619  21.080357
 5 1 0 0 0 0 0 0 0 0 0 0    0.388393   0.0        0.368304   0.843750
-----------------------------------------------------------------------
                          702.0        0.0      525.0      999.0
-----------------------------------------------------------------------
-----------------------------------------------------------------------
 8*8*8*8*8*8 I= 3/2 Y= 1      8         10         10*         27
-----------------------------------------------------------------------
 1 0 1 0 1 0 1 0 1 0 5 1    0.000000  32.924107   0.0       55.173884
 1 0 1 0 1 0 1 0 5 1 0 0    0.000000  40.558036   0.0       80.454911
 1 0 1 0 1 0 5-1 5 1 5 1    0.000000 153.586309   0.0      272.023661
 1 0 1 0 1 0 5 1 0 0 0 0    0.000000  24.933036   0.0       50.737500
 1 0 1 0 5-1 5 1 5 1 0 0    0.000000 124.151786   0.0      248.953125
 1 0 1 0 5 1 0 0 0 0 0 0    0.000000   7.507440   0.0       16.262946
 1 0 5-1 5-1 5 1 5 1 5 1    0.000000  75.922619   0.0      140.083929
 1 0 5-1 5 1 5 1 0 0 0 0    0.000000  39.687500   0.0       82.474554
 1 0 5 1 0 0 0 0 0 0 0 0    0.000000   1.517857   0.0        3.277902
 5-1 5-1 5 1 5 1 5 1 0 0    0.000000  20.803571   0.0       42.198214
 5-1 5 1 5 1 0 0 0 0 0 0    0.000000   3.407738   0.0        7.359375
 5 1 0 0 0 0 0 0 0 0 0 0    0.000000   0.000000   0.0        0.000000
-----------------------------------------------------------------------
                            0.0      525.0        0.0      999.0
-----------------------------------------------------------------------
 
