0.025	4.51654e-06
0.075	3.304e-05
0.125	5.87209e-05
0.175	7.2442e-05
0.225	6.39363e-05
0.275	7.60295e-05
0.325	8.86443e-05
0.375	0.000103664
0.425	0.000100577
0.475	0.000117555
0.525	0.000126598
0.575	0.000134489
0.625	0.000142932
0.675	0.000146407
0.725	0.000156989
0.775	0.000167635
0.825	0.000162109
0.875	0.00015691
0.925	0.00016956
0.975	0.000178671
1.025	0.000187217
1.075	0.000194854
1.125	0.00019068
1.175	0.000174688
1.225	0.000179566
1.275	0.000186193
1.325	0.000189791
1.375	0.000177094
1.425	0.000183544
1.475	0.000171536
1.525	0.000179434
1.575	0.000176007
1.625	0.000175746
1.675	0.000180342
1.725	0.000187783
1.775	0.00016999
1.825	0.000167873
1.875	0.000171653
1.925	0.000168594
1.975	0.000159833
2.025	0.000176917
2.075	0.000150646
2.125	0.000156525
2.175	0.00013957
2.225	0.000137305
2.275	0.000145086
2.325	0.000135445
2.375	0.000125081
2.425	0.000124772
2.475	0.000138003
2.525	0.000127674
2.575	0.00013331
2.625	0.000119757
2.675	0.000105838
2.725	0.000115779
2.775	0.00010431
2.825	0.000116951
2.875	0.000103066
2.925	9.81821e-05
2.975	0.000105191
3.025	9.86451e-05
3.075	9.31665e-05
3.125	8.97472e-05
3.175	8.13272e-05
3.225	8.33084e-05
3.275	8.43373e-05
3.325	7.98339e-05
3.375	9.56003e-05
3.425	8.632e-05
3.475	7.40561e-05
3.525	7.85707e-05
3.575	7.53723e-05
3.625	7.00598e-05
3.675	6.57348e-05
3.725	7.13955e-05
3.775	6.58239e-05
3.825	6.28195e-05
3.875	6.04945e-05
3.925	7.29339e-05
3.975	6.37689e-05
4.025	5.84117e-05
4.075	6.2655e-05
4.125	6.3382e-05
4.175	5.58738e-05
4.225	5.79654e-05
4.275	5.4099e-05
4.325	5.64783e-05
4.375	5.93826e-05
4.425	6.45408e-05
4.475	5.18091e-05
4.525	5.03424e-05
4.575	5.34186e-05
4.625	5.59795e-05
4.675	5.52825e-05
4.725	5.27914e-05
4.775	5.57555e-05
4.825	5.3911e-05
4.875	4.75025e-05
4.925	5.31881e-05
4.975	4.7582e-05
5.025	5.08375e-05
5.075	4.92553e-05
5.125	5.08485e-05
5.175	5.27016e-05
5.225	4.61652e-05
5.275	5.04774e-05
5.325	4.43122e-05
5.375	4.91201e-05
5.425	4.55397e-05
5.475	4.8811e-05
5.525	4.62257e-05
5.575	4.88328e-05
5.625	4.77297e-05
5.675	4.68503e-05
5.725	4.39673e-05
5.775	4.44469e-05
5.825	4.6315e-05
5.875	4.40535e-05
5.925	4.18055e-05
5.975	4.34852e-05
6.025	4.42985e-05
6.075	4.62747e-05
6.125	4.11121e-05
6.175	4.07524e-05
6.225	4.19125e-05
6.275	4.28703e-05
6.325	4.38466e-05
6.375	4.33537e-05
6.425	4.73123e-05
6.475	4.25329e-05
6.525	4.09871e-05
6.575	4.06277e-05
6.625	4.08408e-05
6.675	4.03888e-05
6.725	4.26457e-05
6.775	4.03073e-05
6.825	4.03438e-05
6.875	3.87485e-05
6.925	4.03548e-05
6.975	3.96672e-05
7.025	3.9079e-05
7.075	4.06341e-05
7.125	3.85375e-05
7.175	3.5874e-05
7.225	3.40386e-05
7.275	3.91968e-05
7.325	3.63078e-05
7.375	3.65534e-05
7.425	3.47492e-05
7.475	3.58563e-05
7.525	3.59708e-05
7.575	3.52874e-05
7.625	3.5085e-05
7.675	3.48024e-05
7.725	3.52555e-05
7.775	3.6741e-05
7.825	3.47566e-05
7.875	3.3658e-05
7.925	3.2573e-05
7.975	3.36497e-05
8.025	3.23705e-05
8.075	3.1456e-05
8.125	3.05201e-05
8.175	3.35337e-05
8.225	2.92363e-05
8.275	3.21395e-05
8.325	3.20345e-05
8.375	2.92936e-05
8.425	3.01819e-05
8.475	3.03804e-05
8.525	3.02876e-05
8.575	3.03151e-05
8.625	2.72484e-05
8.675	2.7671e-05
8.725	3.05582e-05
8.775	2.85216e-05
8.825	2.88216e-05
8.875	2.72905e-05
8.925	2.69644e-05
8.975	2.62948e-05
9.025	2.65091e-05
9.075	2.62135e-05
9.125	2.54382e-05
9.175	2.64605e-05
9.225	2.65082e-05
9.275	2.44838e-05
9.325	2.48537e-05
9.375	2.49658e-05
9.425	2.35156e-05
9.475	2.40006e-05
9.525	2.24003e-05
9.575	2.36942e-05
9.625	2.20324e-05
9.675	2.06468e-05
9.725	2.10342e-05
9.775	2.20883e-05
9.825	2.13386e-05
9.875	2.21277e-05
9.925	2.18043e-05
9.975	2.00829e-05
10.025	1.94891e-05
10.075	1.95745e-05
10.125	2.04268e-05
10.175	1.9966e-05
10.225	1.95351e-05
10.275	1.90504e-05
10.325	1.64242e-05
10.375	1.94803e-05
10.425	1.80747e-05
10.475	1.9617e-05
10.525	1.7818e-05
10.575	1.86241e-05
10.625	1.82275e-05
10.675	1.83835e-05
10.725	1.70366e-05
10.775	1.58613e-05
10.825	1.66191e-05
10.875	1.64748e-05
10.925	1.53301e-05
10.975	1.52557e-05
11.025	1.72491e-05
11.075	1.66049e-05
11.125	1.49583e-05
11.175	1.45869e-05
11.225	1.42355e-05
11.275	1.59347e-05
11.325	1.39764e-05
11.375	1.38222e-05
11.425	1.44251e-05
11.475	1.36883e-05
11.525	1.48236e-05
11.575	1.55436e-05
11.625	1.43568e-05
11.675	1.39647e-05
11.725	1.20288e-05
11.775	1.2565e-05
11.825	1.12136e-05
11.875	1.27358e-05
11.925	1.15776e-05
11.975	1.18714e-05
12.025	1.12829e-05
12.075	1.07737e-05
12.125	1.11025e-05
12.175	1.11355e-05
12.225	9.85143e-06
12.275	1.0388e-05
12.325	1.33452e-05
12.375	1.07972e-05
12.425	9.65143e-06
12.475	7.83966e-06
12.525	9.16561e-06
12.575	9.94213e-06
12.625	9.56094e-06
12.675	9.15842e-06
12.725	8.96017e-06
12.775	8.91111e-06
12.825	8.11344e-06
12.875	9.18623e-06
12.925	7.91671e-06
12.975	8.55439e-06
13.025	9.21384e-06
13.075	8.4447e-06
13.125	8.24633e-06
13.175	1.08949e-05
13.225	8.12793e-06
13.275	8.44931e-06
13.325	7.52328e-06
13.375	8.19614e-06
13.425	7.88291e-06
13.475	5.82629e-06
13.525	6.73155e-06
13.575	5.96783e-06
13.625	8.70397e-06
13.675	6.57296e-06
13.725	7.81476e-06
13.775	6.98248e-06
13.825	7.24129e-06
13.875	7.50232e-06
13.925	6.25472e-06
13.975	7.02407e-06
14.025	5.58353e-06
14.075	6.15596e-06
14.125	6.14116e-06
14.175	6.4469e-06
14.225	5.54555e-06
14.275	6.57034e-06
14.325	6.48653e-06
14.375	4.82512e-06
14.425	5.79969e-06
14.475	5.91883e-06
14.525	5.68151e-06
14.575	6.14909e-06
14.625	4.61431e-06
14.675	6.30835e-06
14.725	5.16719e-06
14.775	4.99506e-06
14.825	5.40737e-06
14.875	4.48911e-06
14.925	4.91931e-06
14.975	4.89707e-06
15.025	4.73984e-06
15.075	1.07791e-05
15.125	4.55206e-06
15.175	4.59231e-06
15.225	4.72013e-06
15.275	4.44304e-06
15.325	4.19925e-06
15.375	4.30002e-06
15.425	4.32109e-06
15.475	4.85656e-06
15.525	3.7067e-06
15.575	4.45936e-06
15.625	5.11335e-06
15.675	4.68085e-06
15.725	3.13684e-06
15.775	4.43329e-06
15.825	4.44905e-06
15.875	3.0367e-06
15.925	4.4719e-06
15.975	4.14624e-06
16.025	4.83971e-06
16.075	3.11931e-06
16.125	3.93518e-06
16.175	4.4859e-06
16.225	3.92476e-06
16.275	4.63787e-06
16.325	4.07241e-06
16.375	3.77539e-06
16.425	3.75329e-06
16.475	3.89201e-06
16.525	3.70125e-06
16.575	3.80964e-06
16.625	4.63032e-06
16.675	2.66951e-06
16.725	3.18533e-06
16.775	3.38278e-06
16.825	2.87598e-06
16.875	3.00277e-06
16.925	2.64318e-06
16.975	2.40114e-06
17.025	2.56528e-06
17.075	2.90354e-06
17.125	1.69021e-06
17.175	2.186e-06
17.225	3.20072e-06
17.275	2.05383e-06
17.325	3.62124e-06
17.375	2.34676e-06
17.425	2.94491e-06
17.475	3.28494e-06
17.525	2.82107e-06
17.575	3.49199e-06
17.625	2.49666e-06
17.675	2.03016e-06
17.725	2.8446e-06
17.775	2.31364e-06
17.825	3.20803e-06
17.875	3.61375e-06
17.925	2.1741e-06
17.975	1.99218e-06
18.025	2.05019e-06
18.075	2.24238e-06
18.125	2.529e-06
18.175	2.70327e-06
18.225	1.28516e-06
18.275	1.34349e-06
18.325	2.1871e-06
18.375	1.76524e-06
18.425	2.13544e-06
18.475	1.13989e-06
18.525	1.58079e-06
18.575	1.93517e-06
18.625	2.01154e-06
18.675	1.71418e-06
18.725	2.67555e-06
18.775	1.23165e-06
18.825	1.17583e-06
18.875	1.70065e-06
18.925	2.82131e-06
18.975	2.57739e-06
19.025	2.3103e-06
19.075	1.57189e-06
19.125	1.58395e-06
19.175	2.04473e-06
19.225	2.30046e-06
19.275	1.26852e-06
19.325	8.72983e-07
19.375	2.07253e-06
19.425	1.95588e-06
19.475	1.36428e-06
19.525	1.10539e-06
19.575	1.33081e-06
19.625	1.49789e-06
19.675	2.68083e-06
19.725	1.26475e-06
19.775	1.17682e-06
19.825	1.33659e-06
19.875	1.63921e-06
19.925	9.84687e-07
19.975	2.19559e-06
20.025	1.51893e-06
20.075	1.28122e-06
20.125	1.79855e-06
20.175	1.75372e-06
20.225	1.56778e-06
20.275	1.07607e-06
20.325	2.61778e-06
20.375	1.40778e-06
20.425	7.29044e-07
20.475	1.34926e-06
20.525	1.16441e-06
20.575	1.45989e-06
20.625	1.28083e-06
20.675	1.0911e-06
20.725	1.41788e-06
20.775	1.14215e-06
20.825	1.73783e-06
20.875	1.38587e-06
20.925	1.52906e-06
20.975	8.04493e-07
21.025	8.63965e-07
21.075	1.36646e-06
21.125	1.42452e-06
21.175	1.0379e-06
21.225	5.16817e-07
21.275	1.81767e-06
21.325	8.65821e-07
21.375	1.25293e-06
21.425	5.35932e-07
21.475	9.4599e-07
21.525	8.71217e-07
21.575	1.67807e-06
21.625	1.52079e-06
21.675	9.31415e-07
21.725	4.5131e-07
21.775	9.96314e-07
21.825	1.45167e-06
21.875	1.03143e-06
21.925	2.37865e-06
21.975	1.76414e-06
22.025	7.57257e-07
22.075	1.14272e-06
22.125	1.27628e-06
22.175	9.61786e-07
22.225	5.55121e-07
22.275	7.86496e-07
22.325	1.03716e-06
22.375	1.32618e-06
22.425	1.11861e-06
22.475	1.47364e-06
22.525	1.30032e-06
22.575	1.30291e-07
22.625	4.18039e-07
22.675	3.33761e-07
22.725	5.21935e-07
22.775	1.14049e-06
22.825	2.2949e-06
22.875	1.03313e-06
22.925	4.93543e-07
22.975	1.35076e-06
23.025	6.90438e-07
23.075	1.07451e-06
23.125	1.86223e-06
23.175	9.0953e-07
23.225	8.69384e-07
23.275	8.41999e-07
23.325	1.46853e-06
23.375	1.16719e-06
23.425	8.07532e-07
23.475	1.49991e-06
23.525	1.05392e-07
23.575	5.55809e-07
23.625	5.14704e-07
23.675	1.18134e-06
23.725	6.4193e-07
23.775	1.50245e-07
23.825	5.21124e-07
23.875	1.36552e-07
23.925	1.00998e-06
23.975	2.11588e-07
24.025	6.63725e-07
24.075	6.48583e-07
24.125	1.0229e-07
24.175	2.51543e-07
24.225	1.22982e-06
24.275	2.93863e-07
24.325	5.00051e-07
24.375	7.43461e-07
24.425	5.61299e-07
24.475	5.93199e-07
24.525	2.95398e-07
24.575	3.46108e-07
24.625	8.27062e-07
24.675	1.30556e-07
24.725	5.78143e-07
24.775	0
24.825	8.11451e-07
24.875	6.21465e-07
24.925	4.29437e-07
24.975	1.17556e-06
25.025	5.45945e-07
25.075	3.0975e-07
25.125	3.84311e-07
25.175	2.74436e-07
25.225	3.25921e-07
25.275	8.39388e-07
25.325	6.97377e-07
25.375	7.90687e-07
25.425	1.11094e-06
25.475	7.0584e-07
25.525	3.45141e-07
25.575	3.18658e-07
25.625	1.49402e-07
25.675	3.07145e-07
25.725	4.44091e-07
25.775	2.41548e-07
25.825	0
25.875	2.84371e-07
25.925	6.10541e-07
25.975	7.85972e-07
26.025	2.66766e-07
26.075	8.59002e-07
26.125	1.44428e-07
26.175	0
26.225	1.95685e-07
26.275	7.56282e-07
26.325	4.68306e-07
26.375	3.62444e-07
26.425	1.97696e-07
26.475	3.1008e-07
26.525	3.17241e-07
26.575	1.42914e-07
26.625	1.81226e-07
26.675	3.1721e-07
26.725	0
26.775	1.83617e-07
26.825	2.42547e-07
26.875	5.79109e-07
26.925	3.2905e-07
26.975	0
27.025	9.02853e-07
27.075	0
27.125	3.47352e-07
27.175	4.39413e-07
27.225	4.20189e-07
27.275	6.8524e-07
27.325	2.66003e-07
27.375	9.32218e-07
27.425	6.94287e-07
27.475	4.06201e-07
27.525	7.10877e-07
27.575	2.87806e-07
27.625	5.91112e-07
27.675	1.19894e-06
27.725	3.90508e-07
27.775	1.77406e-07
27.825	3.91146e-07
27.875	1.86925e-07
27.925	0
27.975	6.02751e-07
28.025	1.99619e-07
28.075	5.01422e-07
28.125	0
28.175	0
28.225	3.34229e-07
28.275	0
28.325	4.74459e-07
28.375	2.85729e-07
28.425	8.26426e-07
28.475	0
28.525	2.1484e-07
28.575	4.64216e-07
28.625	0
28.675	1.4239e-07
28.725	0
28.775	8.37237e-07
28.825	4.28518e-07
28.875	0
28.925	0
28.975	0
29.025	0
29.075	1.79365e-07
29.125	0
29.175	1.98158e-07
29.225	0
29.275	0
29.325	3.32475e-07
29.375	3.83566e-07
29.425	0
29.475	3.17681e-07
29.525	4.54236e-07
29.575	0
29.625	2.44706e-07
29.675	0
29.725	4.97321e-07
29.775	4.98436e-07
29.825	5.05611e-07
29.875	0
29.925	2.22611e-07
29.975	0
