0.025	1.19042e-12
0.075	9.21047e-12
0.125	1.78827e-11
0.175	2.48728e-11
0.225	2.76879e-11
0.275	3.03585e-11
0.325	3.66924e-11
0.375	4.16451e-11
0.425	4.77351e-11
0.475	5.47078e-11
0.525	5.3875e-11
0.575	5.48531e-11
0.625	6.13103e-11
0.675	6.73018e-11
0.725	7.82325e-11
0.775	7.56429e-11
0.825	8.25473e-11
0.875	8.32707e-11
0.925	8.87415e-11
0.975	1.00291e-10
1.025	9.61215e-11
1.075	1.09176e-10
1.125	1.12352e-10
1.175	1.11553e-10
1.225	1.12782e-10
1.275	1.21425e-10
1.325	1.3129e-10
1.375	1.14831e-10
1.425	1.28023e-10
1.475	1.31736e-10
1.525	1.40339e-10
1.575	1.37093e-10
1.625	1.32579e-10
1.675	1.57181e-10
1.725	1.53124e-10
1.775	1.49097e-10
1.825	1.53094e-10
1.875	1.52555e-10
1.925	1.47246e-10
1.975	1.48594e-10
2.025	1.5516e-10
2.075	1.65908e-10
2.125	1.57773e-10
2.175	1.48846e-10
2.225	1.56938e-10
2.275	1.64698e-10
2.325	1.36295e-10
2.375	1.51196e-10
2.425	1.41213e-10
2.475	1.42216e-10
2.525	1.37921e-10
2.575	1.3514e-10
2.625	1.39374e-10
2.675	1.34594e-10
2.725	1.31487e-10
2.775	1.2662e-10
2.825	1.4601e-10
2.875	1.24477e-10
2.925	1.21893e-10
2.975	1.12572e-10
3.025	1.14737e-10
3.075	1.10726e-10
3.125	1.03244e-10
3.175	1.05893e-10
3.225	1.01149e-10
3.275	9.45611e-11
3.325	9.13072e-11
3.375	9.29977e-11
3.425	9.17907e-11
3.475	8.7937e-11
3.525	7.97071e-11
3.575	7.44185e-11
3.625	7.78267e-11
3.675	6.45939e-11
3.725	6.62056e-11
3.775	6.45045e-11
3.825	5.92731e-11
3.875	6.55179e-11
3.925	5.64017e-11
3.975	5.24321e-11
4.025	5.63924e-11
4.075	5.56988e-11
4.125	4.833e-11
4.175	5.10189e-11
4.225	5.15243e-11
4.275	5.07732e-11
4.325	4.51789e-11
4.375	4.48648e-11
4.425	4.44802e-11
4.475	4.42323e-11
4.525	3.98704e-11
4.575	4.15126e-11
4.625	3.9525e-11
4.675	4.0345e-11
4.725	4.41842e-11
4.775	4.14688e-11
4.825	3.9688e-11
4.875	3.79514e-11
4.925	3.88679e-11
4.975	3.72115e-11
5.025	3.63107e-11
5.075	3.62103e-11
5.125	3.56369e-11
5.175	3.48841e-11
5.225	3.86814e-11
5.275	3.46385e-11
5.325	3.42522e-11
5.375	3.72483e-11
5.425	3.48142e-11
5.475	3.36825e-11
5.525	3.61803e-11
5.575	3.05587e-11
5.625	3.26546e-11
5.675	3.51121e-11
5.725	3.16469e-11
5.775	3.1532e-11
5.825	3.4253e-11
5.875	3.2685e-11
5.925	3.18694e-11
5.975	3.19587e-11
6.025	3.27275e-11
6.075	3.21891e-11
6.125	2.98e-11
6.175	3.02834e-11
6.225	2.8918e-11
6.275	3.03203e-11
6.325	3.23152e-11
6.375	3.12782e-11
6.425	2.98207e-11
6.475	2.86051e-11
6.525	2.74001e-11
6.575	2.65568e-11
6.625	2.93208e-11
6.675	2.84239e-11
6.725	2.55828e-11
6.775	2.7577e-11
6.825	2.6464e-11
6.875	2.82719e-11
6.925	2.63968e-11
6.975	2.65731e-11
7.025	2.75231e-11
7.075	2.62092e-11
7.125	2.73008e-11
7.175	2.58605e-11
7.225	2.46399e-11
7.275	2.66898e-11
7.325	2.59195e-11
7.375	2.57536e-11
7.425	2.48485e-11
7.475	2.55541e-11
7.525	2.49302e-11
7.575	2.28419e-11
7.625	2.21528e-11
7.675	2.46831e-11
7.725	2.30376e-11
7.775	2.49318e-11
7.825	2.16138e-11
7.875	2.05525e-11
7.925	2.2295e-11
7.975	2.25978e-11
8.025	2.31771e-11
8.075	2.29153e-11
8.125	2.11881e-11
8.175	2.07383e-11
8.225	2.10836e-11
8.275	2.05841e-11
8.325	2.1085e-11
8.375	2.09389e-11
8.425	1.99918e-11
8.475	2.11477e-11
8.525	1.86853e-11
8.575	1.89284e-11
8.625	1.93367e-11
8.675	1.99589e-11
8.725	1.98901e-11
8.775	1.93258e-11
8.825	1.68892e-11
8.875	1.93345e-11
8.925	1.73722e-11
8.975	1.86152e-11
9.025	1.6738e-11
9.075	1.7215e-11
9.125	1.76934e-11
9.175	1.7609e-11
9.225	1.92833e-11
9.275	1.63666e-11
9.325	1.62987e-11
9.375	1.64403e-11
9.425	1.8001e-11
9.475	1.63844e-11
9.525	1.5728e-11
9.575	1.6406e-11
9.625	1.6497e-11
9.675	1.61009e-11
9.725	1.40016e-11
9.775	1.49994e-11
9.825	1.62837e-11
9.875	1.4561e-11
9.925	1.4381e-11
9.975	1.26566e-11
10.025	1.46685e-11
10.075	1.24278e-11
10.125	1.18407e-11
10.175	1.33318e-11
10.225	1.31911e-11
10.275	1.22492e-11
10.325	1.29988e-11
10.375	1.2666e-11
10.425	1.24873e-11
10.475	1.12352e-11
10.525	1.22642e-11
10.575	1.11697e-11
10.625	1.28276e-11
10.675	1.12088e-11
10.725	1.08081e-11
10.775	1.1052e-11
10.825	1.05717e-11
10.875	1.30505e-11
10.925	1.04825e-11
10.975	1.14249e-11
11.025	9.44559e-12
11.075	9.39367e-12
11.125	8.73702e-12
11.175	8.32357e-12
11.225	9.10077e-12
11.275	9.82169e-12
11.325	9.50803e-12
11.375	8.19691e-12
11.425	9.16217e-12
11.475	8.72392e-12
11.525	8.50206e-12
11.575	9.41262e-12
11.625	7.58288e-12
11.675	8.62973e-12
11.725	8.02664e-12
11.775	7.35181e-12
11.825	7.6727e-12
11.875	7.80315e-12
11.925	9.01429e-12
11.975	7.21136e-12
12.025	7.37933e-12
12.075	8.17597e-12
12.125	6.20538e-12
12.175	7.36534e-12
12.225	5.86698e-12
12.275	7.05323e-12
12.325	5.88507e-12
12.375	5.97105e-12
12.425	7.59305e-12
12.475	5.99833e-12
12.525	7.67269e-12
12.575	5.57368e-12
12.625	6.25424e-12
12.675	4.84076e-12
12.725	4.30655e-12
12.775	5.33647e-12
12.825	4.02993e-12
12.875	5.8916e-12
12.925	6.19726e-12
12.975	4.05078e-12
13.025	5.03739e-12
13.075	5.41718e-12
13.125	5.09715e-12
13.175	4.42172e-12
13.225	6.74852e-12
13.275	4.21046e-12
13.325	4.43322e-12
13.375	4.37453e-12
13.425	3.99736e-12
13.475	3.83885e-12
13.525	3.67621e-12
13.575	4.01091e-12
13.625	3.24762e-12
13.675	4.79743e-12
13.725	3.58355e-12
13.775	3.68796e-12
13.825	3.24332e-12
13.875	3.6131e-12
13.925	4.16062e-12
13.975	3.17376e-12
14.025	4.40688e-12
14.075	4.00527e-12
14.125	3.04791e-12
14.175	4.38407e-12
14.225	3.7003e-12
14.275	4.7358e-12
14.325	2.79247e-12
14.375	3.9745e-12
14.425	3.09507e-12
14.475	2.78327e-12
14.525	4.16665e-12
14.575	2.52379e-12
14.625	2.72122e-12
14.675	3.3925e-12
14.725	3.82669e-12
14.775	2.27305e-12
14.825	2.64144e-12
14.875	2.39654e-12
14.925	3.06593e-12
14.975	2.72444e-12
15.025	2.72728e-12
15.075	2.74298e-12
15.125	2.2399e-12
15.175	2.77291e-12
15.225	2.51825e-12
15.275	2.55847e-12
15.325	5.41193e-12
15.375	2.31531e-12
15.425	1.84313e-12
15.475	2.31263e-12
15.525	3.29357e-12
15.575	2.95503e-12
15.625	1.03239e-12
15.675	3.29445e-12
15.725	3.3267e-12
15.775	2.64953e-12
15.825	2.48566e-12
15.875	2.58614e-12
15.925	2.68117e-12
15.975	2.07902e-12
16.025	1.40476e-12
16.075	2.2816e-12
16.125	2.70912e-12
16.175	2.25082e-12
16.225	2.23314e-12
16.275	2.0483e-12
16.325	2.48213e-12
16.375	2.02917e-12
16.425	1.88563e-12
16.475	1.85671e-12
16.525	1.9904e-12
16.575	2.56721e-12
16.625	1.30583e-12
16.675	1.34034e-12
16.725	1.7173e-12
16.775	1.9722e-12
16.825	1.59446e-12
16.875	1.1965e-12
16.925	8.89979e-13
16.975	1.77483e-12
17.025	1.31567e-12
17.075	2.13067e-12
17.125	1.06516e-12
17.175	2.12457e-12
17.225	1.34099e-12
17.275	1.40352e-12
17.325	2.55846e-12
17.375	1.27913e-12
17.425	1.14511e-12
17.475	8.84372e-13
17.525	1.94869e-12
17.575	1.25183e-12
17.625	1.32358e-12
17.675	9.50442e-13
17.725	1.71061e-12
17.775	9.77112e-13
17.825	1.48013e-12
17.875	1.8316e-12
17.925	6.94205e-13
17.975	1.12619e-12
18.025	8.44126e-13
18.075	1.07232e-12
18.125	2.05225e-12
18.175	9.76131e-13
18.225	1.27568e-12
18.275	1.66135e-12
18.325	2.20362e-12
18.375	2.19505e-12
18.425	8.05805e-13
18.475	1.48764e-12
18.525	9.16454e-13
18.575	1.4692e-12
18.625	1.42155e-12
18.675	1.00142e-12
18.725	1.02679e-12
18.775	1.35467e-12
18.825	1.33495e-12
18.875	5.89707e-13
18.925	1.00585e-12
18.975	2.91623e-13
19.025	9.38398e-13
19.075	8.61208e-13
19.125	1.47344e-12
19.175	1.36041e-12
19.225	8.49046e-13
19.275	1.29999e-12
19.325	9.76318e-13
19.375	8.906e-13
19.425	4.56613e-13
19.475	9.36667e-13
19.525	5.27027e-13
19.575	1.52567e-12
19.625	4.96352e-13
19.675	3.08476e-13
19.725	1.09631e-12
19.775	6.08442e-13
19.825	7.5682e-13
19.875	3.94079e-13
19.925	6.88609e-13
19.975	9.21548e-13
20.025	4.202e-13
20.075	6.19671e-13
20.125	9.76019e-13
20.175	0
20.225	8.38059e-13
20.275	5.30396e-13
20.325	5.91432e-13
20.375	4.134e-13
20.425	8.75499e-13
20.475	3.97208e-13
20.525	7.58095e-13
20.575	4.43358e-13
20.625	8.81951e-13
20.675	9.8784e-13
20.725	6.40743e-13
20.775	0
20.825	4.04909e-13
20.875	5.37221e-13
20.925	9.91229e-13
20.975	8.41959e-13
21.025	8.69789e-13
21.075	5.73454e-13
21.125	8.85059e-13
21.175	3.10038e-13
21.225	3.41053e-13
21.275	9.62148e-13
21.325	9.48819e-13
21.375	3.28381e-13
21.425	9.5265e-13
21.475	8.00551e-13
21.525	3.25029e-13
21.575	8.88402e-13
21.625	3.35317e-13
21.675	1.16845e-13
21.725	4.08244e-13
21.775	2.08999e-13
21.825	2.95358e-13
21.875	9.51656e-13
21.925	3.34083e-13
21.975	7.45558e-13
22.025	3.84779e-13
22.075	6.80178e-13
22.125	0
22.175	9.88169e-13
22.225	0
22.275	3.15208e-13
22.325	0
22.375	9.91476e-13
22.425	2.84074e-13
22.475	3.03495e-13
22.525	2.40594e-13
22.575	9.94534e-13
22.625	5.7335e-13
22.675	2.09226e-13
22.725	0
22.775	5.31911e-13
22.825	5.02041e-13
22.875	6.08165e-13
22.925	8.10788e-13
22.975	1.64895e-13
23.025	0
23.075	0
23.125	1.45343e-13
23.175	6.81227e-13
23.225	3.86302e-13
23.275	4.49078e-13
23.325	2.05173e-13
23.375	1.01299e-12
23.425	0
23.475	1.35448e-13
23.525	8.65611e-13
23.575	0
23.625	4.1762e-13
23.675	5.99983e-13
23.725	0
23.775	2.2236e-13
23.825	3.34062e-13
23.875	5.98993e-13
23.925	0
23.975	2.01969e-13
24.025	7.68025e-13
24.075	3.91248e-13
24.125	1.79178e-13
24.175	0
24.225	2.43443e-13
24.275	1.4461e-13
24.325	0
24.375	4.34894e-13
24.425	0
24.475	0
24.525	2.12414e-13
24.575	0
24.625	0
24.675	0
24.725	4.75265e-13
24.775	0
24.825	0
24.875	2.27206e-13
24.925	0
24.975	0
25.025	0
25.075	0
25.125	0
25.175	2.37807e-13
25.225	0
25.275	3.8233e-13
25.325	1.76302e-13
25.375	0
25.425	0
25.475	0
25.525	0
25.575	0
25.625	0
25.675	3.89324e-13
25.725	0
25.775	5.67812e-13
25.825	0
25.875	0
25.925	0
25.975	4.22076e-13
26.025	3.28917e-13
26.075	0
26.125	4.40107e-13
26.175	0
26.225	2.21875e-13
26.275	0
26.325	0
26.375	0
26.425	1.91333e-13
26.475	7.48082e-13
26.525	0
26.575	2.6985e-13
26.625	0
26.675	0
26.725	0
26.775	1.8846e-13
26.825	0
26.875	0
26.925	1.15156e-12
26.975	1.88924e-13
27.025	5.73855e-13
27.075	0
27.125	2.36546e-13
27.175	0
27.225	2.30513e-13
27.275	3.70437e-13
27.325	0
27.375	3.15452e-13
27.425	2.07146e-13
27.475	0
27.525	0
27.575	4.55959e-13
27.625	0
27.675	0
27.725	0
27.775	0
27.825	2.08495e-13
27.875	0
27.925	0
27.975	2.10662e-13
28.025	0
28.075	3.43891e-13
28.125	0
28.175	3.25416e-13
28.225	0
28.275	0
28.325	0
28.375	0
28.425	0
28.475	3.30228e-13
28.525	0
28.575	3.20201e-13
28.625	0
28.675	0
28.725	0
28.775	0
28.825	0
28.875	0
28.925	0
28.975	0
29.025	4.13172e-13
29.075	0
29.125	2.78199e-13
29.175	3.97036e-13
29.225	0
29.275	4.44907e-13
29.325	0
29.375	0
29.425	0
29.475	0
29.525	0
29.575	0
29.625	0
29.675	0
29.725	0
29.775	0
29.825	0
29.875	0
29.925	0
29.975	0
