0.025	2.89372e-12
0.075	2.06749e-11
0.125	3.65856e-11
0.175	4.17873e-11
0.225	3.84322e-11
0.275	4.03257e-11
0.325	4.5926e-11
0.375	5.3531e-11
0.425	5.70907e-11
0.475	6.51451e-11
0.525	6.85768e-11
0.575	7.43659e-11
0.625	8.54125e-11
0.675	8.9243e-11
0.725	8.97721e-11
0.775	9.25424e-11
0.825	1.04237e-10
0.875	1.12733e-10
0.925	1.17988e-10
0.975	1.17045e-10
1.025	1.3224e-10
1.075	1.32407e-10
1.125	1.34064e-10
1.175	1.41827e-10
1.225	1.54013e-10
1.275	1.37486e-10
1.325	1.54709e-10
1.375	1.6565e-10
1.425	1.59784e-10
1.475	1.60606e-10
1.525	1.56347e-10
1.575	1.76954e-10
1.625	1.79422e-10
1.675	1.86248e-10
1.725	1.80092e-10
1.775	1.77969e-10
1.825	1.96511e-10
1.875	1.97292e-10
1.925	1.90285e-10
1.975	1.92405e-10
2.025	1.88548e-10
2.075	2.04673e-10
2.125	1.93284e-10
2.175	2.04755e-10
2.225	1.96739e-10
2.275	1.90984e-10
2.325	1.93888e-10
2.375	1.92606e-10
2.425	1.8901e-10
2.475	1.91635e-10
2.525	1.85463e-10
2.575	1.79194e-10
2.625	1.91258e-10
2.675	1.83991e-10
2.725	1.95293e-10
2.775	1.78571e-10
2.825	1.62534e-10
2.875	1.66303e-10
2.925	1.64949e-10
2.975	1.61968e-10
3.025	1.42135e-10
3.075	1.5087e-10
3.125	1.3853e-10
3.175	1.41703e-10
3.225	1.2903e-10
3.275	1.3416e-10
3.325	1.19845e-10
3.375	1.23851e-10
3.425	1.11784e-10
3.475	1.12303e-10
3.525	1.08436e-10
3.575	1.14212e-10
3.625	1.00658e-10
3.675	9.32719e-11
3.725	9.04946e-11
3.775	8.81068e-11
3.825	8.75845e-11
3.875	8.91483e-11
3.925	8.684e-11
3.975	8.42672e-11
4.025	7.70693e-11
4.075	7.15495e-11
4.125	7.06923e-11
4.175	7.35491e-11
4.225	7.83066e-11
4.275	7.2749e-11
4.325	7.31877e-11
4.375	6.65866e-11
4.425	6.87446e-11
4.475	6.90044e-11
4.525	6.96906e-11
4.575	6.77335e-11
4.625	6.72472e-11
4.675	6.074e-11
4.725	6.51077e-11
4.775	5.98627e-11
4.825	6.95784e-11
4.875	6.32346e-11
4.925	6.02727e-11
4.975	5.97525e-11
5.025	6.09813e-11
5.075	6.17171e-11
5.125	6.04519e-11
5.175	5.91569e-11
5.225	5.74962e-11
5.275	5.46319e-11
5.325	5.75308e-11
5.375	5.55976e-11
5.425	5.61928e-11
5.475	5.98282e-11
5.525	5.95495e-11
5.575	5.57363e-11
5.625	5.07608e-11
5.675	5.36509e-11
5.725	5.74111e-11
5.775	5.45924e-11
5.825	5.5993e-11
5.875	5.27999e-11
5.925	5.14241e-11
5.975	5.21162e-11
6.025	4.83455e-11
6.075	4.73319e-11
6.125	5.46747e-11
6.175	5.1708e-11
6.225	5.18533e-11
6.275	5.0226e-11
6.325	4.8238e-11
6.375	5.01735e-11
6.425	5.00012e-11
6.475	4.87159e-11
6.525	4.90681e-11
6.575	5.31501e-11
6.625	4.87016e-11
6.675	4.4396e-11
6.725	4.79662e-11
6.775	4.75539e-11
6.825	5.01405e-11
6.875	4.38292e-11
6.925	4.31607e-11
6.975	4.74535e-11
7.025	4.77932e-11
7.075	4.58028e-11
7.125	4.28884e-11
7.175	4.4108e-11
7.225	4.51843e-11
7.275	4.469e-11
7.325	4.36265e-11
7.375	4.38531e-11
7.425	4.54859e-11
7.475	3.97213e-11
7.525	4.28794e-11
7.575	4.02813e-11
7.625	4.21872e-11
7.675	4.08261e-11
7.725	4.29456e-11
7.775	3.8164e-11
7.825	4.0416e-11
7.875	3.9846e-11
7.925	4.03037e-11
7.975	3.97014e-11
8.025	3.46177e-11
8.075	3.64612e-11
8.125	3.68814e-11
8.175	3.40328e-11
8.225	3.90516e-11
8.275	3.73335e-11
8.325	3.62514e-11
8.375	3.66153e-11
8.425	3.62383e-11
8.475	3.79786e-11
8.525	3.32305e-11
8.575	3.30362e-11
8.625	3.50134e-11
8.675	3.52334e-11
8.725	3.30308e-11
8.775	3.23805e-11
8.825	3.62172e-11
8.875	3.4179e-11
8.925	3.12523e-11
8.975	3.37066e-11
9.025	3.00859e-11
9.075	3.26792e-11
9.125	2.93328e-11
9.175	3.01415e-11
9.225	3.34449e-11
9.275	2.98478e-11
9.325	3.0501e-11
9.375	3.01215e-11
9.425	2.79564e-11
9.475	2.82854e-11
9.525	2.6789e-11
9.575	2.64252e-11
9.625	2.87309e-11
9.675	2.80176e-11
9.725	2.82543e-11
9.775	2.53309e-11
9.825	2.47414e-11
9.875	2.46545e-11
9.925	2.61583e-11
9.975	2.52614e-11
10.025	2.48536e-11
10.075	2.55307e-11
10.125	2.42855e-11
10.175	2.27051e-11
10.225	2.42695e-11
10.275	2.4179e-11
10.325	2.35679e-11
10.375	2.05811e-11
10.425	2.10933e-11
10.475	2.20168e-11
10.525	2.05438e-11
10.575	2.22911e-11
10.625	2.07775e-11
10.675	2.02231e-11
10.725	2.07994e-11
10.775	2.10157e-11
10.825	1.96836e-11
10.875	1.84775e-11
10.925	1.92172e-11
10.975	2.16622e-11
11.025	1.84136e-11
11.075	1.89382e-11
11.125	1.78526e-11
11.175	1.79128e-11
11.225	1.6982e-11
11.275	1.71365e-11
11.325	1.84524e-11
11.375	1.60077e-11
11.425	1.73387e-11
11.475	1.75377e-11
11.525	1.63265e-11
11.575	1.46466e-11
11.625	1.50175e-11
11.675	1.51723e-11
11.725	1.46669e-11
11.775	1.22738e-11
11.825	1.58742e-11
11.875	1.37039e-11
11.925	1.55724e-11
11.975	1.38681e-11
12.025	1.49766e-11
12.075	1.18272e-11
12.125	1.26687e-11
12.175	1.41704e-11
12.225	1.24414e-11
12.275	1.30243e-11
12.325	1.12806e-11
12.375	1.35686e-11
12.425	9.36939e-12
12.475	1.10818e-11
12.525	1.17902e-11
12.575	1.27978e-11
12.625	9.57013e-12
12.675	1.35984e-11
12.725	9.06692e-12
12.775	1.06487e-11
12.825	8.72334e-12
12.875	9.76058e-12
12.925	8.30954e-12
12.975	1.034e-11
13.025	8.47939e-12
13.075	8.3925e-12
13.125	8.23086e-12
13.175	9.81052e-12
13.225	9.77146e-12
13.275	1.05253e-11
13.325	8.88336e-12
13.375	8.01572e-12
13.425	7.77744e-12
13.475	9.3571e-12
13.525	7.22552e-12
13.575	7.60183e-12
13.625	6.70251e-12
13.675	6.69447e-12
13.725	9.16673e-12
13.775	7.13174e-12
13.825	6.30354e-12
13.875	7.0257e-12
13.925	6.66948e-12
13.975	7.13651e-12
14.025	7.37653e-12
14.075	6.32366e-12
14.125	5.94695e-12
14.175	5.66155e-12
14.225	6.79494e-12
14.275	8.59535e-12
14.325	6.98414e-12
14.375	5.65733e-12
14.425	5.74182e-12
14.475	5.94423e-12
14.525	5.79414e-12
14.575	6.31481e-12
14.625	4.98492e-12
14.675	6.06567e-12
14.725	5.48901e-12
14.775	7.99038e-12
14.825	5.56937e-12
14.875	6.23299e-12
14.925	5.29024e-12
14.975	5.33085e-12
15.025	5.22167e-12
15.075	6.72001e-12
15.125	5.80225e-12
15.175	3.75379e-12
15.225	5.08537e-12
15.275	4.46684e-12
15.325	4.88469e-12
15.375	4.47764e-12
15.425	6.75381e-12
15.475	4.75525e-12
15.525	5.85461e-12
15.575	5.81759e-12
15.625	4.62335e-12
15.675	3.78046e-12
15.725	3.57624e-12
15.775	3.70769e-12
15.825	3.17755e-12
15.875	3.27719e-12
15.925	4.41009e-12
15.975	3.04254e-12
16.025	2.44115e-12
16.075	3.62346e-12
16.125	3.74412e-12
16.175	3.90976e-12
16.225	3.85413e-12
16.275	2.91179e-12
16.325	3.90515e-12
16.375	3.84471e-12
16.425	3.87805e-12
16.475	3.52593e-12
16.525	3.15596e-12
16.575	2.30666e-12
16.625	3.97355e-12
16.675	3.61885e-12
16.725	2.43579e-12
16.775	1.91183e-12
16.825	3.17133e-12
16.875	3.60037e-12
16.925	3.28255e-12
16.975	2.53564e-12
17.025	2.42261e-12
17.075	2.04299e-12
17.125	3.47615e-12
17.175	3.10277e-12
17.225	2.12436e-12
17.275	2.40088e-12
17.325	3.0369e-12
17.375	1.96347e-12
17.425	6.31503e-12
17.475	2.90358e-12
17.525	2.05371e-12
17.575	1.53356e-12
17.625	2.31129e-12
17.675	2.81521e-12
17.725	1.7172e-12
17.775	2.48019e-12
17.825	2.31804e-12
17.875	1.90456e-12
17.925	2.47503e-12
17.975	2.17003e-12
18.025	2.44155e-12
18.075	2.12027e-12
18.125	2.27079e-12
18.175	1.98106e-12
18.225	2.42927e-12
18.275	2.84189e-12
18.325	1.57919e-12
18.375	1.91913e-12
18.425	1.60946e-12
18.475	1.41236e-12
18.525	1.2047e-12
18.575	1.85219e-12
18.625	2.2289e-12
18.675	2.26808e-12
18.725	8.32107e-13
18.775	1.80196e-12
18.825	2.35647e-12
18.875	1.34714e-12
18.925	1.38649e-12
18.975	2.27385e-12
19.025	1.74661e-12
19.075	1.71551e-12
19.125	1.84146e-12
19.175	2.99889e-12
19.225	1.60367e-12
19.275	7.71524e-13
19.325	1.90082e-12
19.375	1.67846e-12
19.425	1.34437e-12
19.475	2.11153e-12
19.525	1.17339e-12
19.575	1.93915e-12
19.625	1.17211e-12
19.675	1.06482e-12
19.725	1.25514e-12
19.775	1.92364e-12
19.825	8.57341e-13
19.875	1.26161e-12
19.925	1.16398e-12
19.975	1.70618e-12
20.025	8.24527e-13
20.075	1.26291e-12
20.125	1.83284e-12
20.175	1.17407e-12
20.225	1.2589e-12
20.275	1.80064e-12
20.325	6.28266e-13
20.375	9.57269e-13
20.425	1.60208e-12
20.475	2.6602e-12
20.525	1.19329e-12
20.575	1.67762e-12
20.625	1.47474e-12
20.675	8.39421e-13
20.725	1.0297e-12
20.775	1.57698e-12
20.825	1.39454e-12
20.875	8.8714e-13
20.925	6.03159e-13
20.975	9.44753e-13
21.025	3.99043e-13
21.075	1.35187e-12
21.125	1.71042e-12
21.175	2.10211e-13
21.225	1.55844e-12
21.275	6.27176e-13
21.325	1.17368e-12
21.375	1.56942e-12
21.425	1.34716e-12
21.475	1.0209e-12
21.525	6.60189e-13
21.575	2.52566e-13
21.625	5.86433e-13
21.675	1.03929e-12
21.725	6.47051e-13
21.775	8.31291e-13
21.825	5.0088e-13
21.875	5.25116e-13
21.925	3.17952e-13
21.975	6.64362e-13
22.025	9.8321e-13
22.075	1.54293e-13
22.125	1.21533e-12
22.175	7.18432e-13
22.225	9.09129e-13
22.275	8.89378e-13
22.325	8.03435e-13
22.375	7.45299e-13
22.425	1.65451e-12
22.475	6.36588e-13
22.525	7.78181e-13
22.575	6.865e-13
22.625	3.68802e-13
22.675	3.6265e-13
22.725	3.00551e-13
22.775	9.31511e-13
22.825	5.36156e-13
22.875	1.88371e-13
22.925	4.00105e-13
22.975	6.68863e-13
23.025	5.24167e-13
23.075	5.45431e-13
23.125	6.64861e-13
23.175	9.21503e-13
23.225	6.99337e-13
23.275	0
23.325	1.55044e-13
23.375	4.72242e-13
23.425	6.94791e-13
23.475	2.15038e-13
23.525	7.86656e-13
23.575	1.08202e-12
23.625	7.75554e-13
23.675	4.80985e-13
23.725	1.46265e-12
23.775	9.93321e-13
23.825	6.14795e-13
23.875	1.55374e-13
23.925	1.00336e-12
23.975	3.60689e-13
24.025	3.80338e-13
24.075	1.70042e-12
24.125	1.4027e-12
24.175	5.79169e-13
24.225	1.12927e-12
24.275	5.90176e-13
24.325	0
24.375	1.89823e-13
24.425	4.35983e-13
24.475	2.15325e-13
24.525	1.83314e-13
24.575	2.13468e-13
24.625	3.65416e-13
24.675	5.70553e-13
24.725	8.3235e-13
24.775	0
24.825	8.90751e-13
24.875	5.23087e-13
24.925	1.88924e-13
24.975	5.32329e-13
25.025	3.83496e-13
25.075	1.7313e-13
25.125	1.78265e-13
25.175	2.23896e-13
25.225	0
25.275	4.29781e-13
25.325	2.41815e-13
25.375	0
25.425	2.4068e-13
25.475	5.34411e-13
25.525	2.11367e-13
25.575	2.2782e-13
25.625	3.04438e-13
25.675	0
25.725	0
25.775	1.75646e-13
25.825	0
25.875	1.0131e-12
25.925	3.33882e-13
25.975	0
26.025	6.30016e-13
26.075	7.33964e-13
26.125	6.45336e-13
26.175	3.01276e-13
26.225	1.07726e-12
26.275	0
26.325	0
26.375	4.57809e-13
26.425	4.68802e-13
26.475	4.91507e-13
26.525	0
26.575	1.00687e-12
26.625	0
26.675	8.56855e-13
26.725	0
26.775	2.90057e-13
26.825	2.14788e-13
26.875	3.74758e-13
26.925	5.43543e-13
26.975	2.05341e-13
27.025	0
27.075	2.33099e-13
27.125	0
27.175	2.82611e-13
27.225	5.28757e-13
27.275	4.09694e-13
27.325	4.36543e-13
27.375	3.39725e-13
27.425	2.59665e-13
27.475	2.00756e-13
27.525	2.19695e-13
27.575	2.67047e-13
27.625	4.2031e-13
27.675	0
27.725	0
27.775	2.82306e-13
27.825	0
27.875	0
27.925	3.49785e-13
27.975	3.11611e-13
28.025	1.35463e-12
28.075	1.11572e-12
28.125	0
28.175	5.59626e-13
28.225	3.11414e-13
28.275	3.33476e-13
28.325	4.95403e-13
28.375	0
28.425	5.27682e-13
28.475	0
28.525	5.1931e-13
28.575	0
28.625	3.45467e-13
28.675	0
28.725	2.96323e-13
28.775	8.74703e-13
28.825	0
28.875	2.12108e-13
28.925	0
28.975	0
29.025	0
29.075	0
29.125	0
29.175	0
29.225	0
29.275	0
29.325	0
29.375	2.27999e-13
29.425	0
29.475	0
29.525	0
29.575	0
29.625	3.55635e-13
29.675	0
29.725	0
29.775	0
29.825	3.18071e-13
29.875	6.3079e-13
29.925	0
29.975	0
